32.117,67.276,30
44.373,88.614,28
35.529,88.037,38
43.247,84.94,28
38.903,72.744,24
34.179,78.714,40.017
48.62,79.466,19.983
47.82,130.56,39.983
40.341,85.101,28
47.572,89.346,26
37.163,76.218,32
40.424,87.415,34
41.247,77.646,25.983
38.615,83.368,31.983
43.134,87.861,28
32.247,81.848,38
38.608,94.626,36
58.427,94.507,20
52.02,82.66,17.983
44.186,80.222,26
44.624,78.412,23.983
41.21,90.783,32
35.837,96.835,40
34.214,66.781,31.983
40.392,80.392,30
47.328,95.085,32
46.965,79.32,20
37.746,73.728,24
35.498,79.018,33.983
33.979,77.617,32
30.928,81.92,52
31.104,76.394,36
36.409,85.137,38
49.581,85.371,22
33.262,85.275,38.017
38.281,77.787,28
36.897,89.136,36
39.431,85.979,32
32.309,77.539,38
36.403,76.511,30
41.898,83.331,27.983
36.886,93.681,36
39.077,71.933,29.983
31.63,75.755,34
34.196,89.67,42
40.168,77.404,23.983
36.845,82.016,32
36.964,73.175,25.983
36.136,72.726,32
40.641,85.403,26.017
42.425,96.105,34.017
38.621,80.061,32
42.14,84.936,26.017
45.605,88.166,24.017
39.364,80.012,27.983
46.444,77.371,22.017
43.988,75.763,24.017
46.618,83.43,22.017
44.681,83.109,24
43.162,80.103,26.017
41.357,75.157,24
41.802,64.37,18.017
40.876,76.574,26.017
39.101,73.327,26.017
44.396,70.768,19.983
42.368,76.27,22
48.006,75.619,18
47.058,86.507,26.017
56.335,99.025,22
40.248,105.62,42
53.463,87.941,20
39.297,98.41,34.017
41.09,89.904,34.017
44.951,83.43,26.017
39.456,82.37,32
58.532,94.918,16
43.072,81.412,24
41.299,79.126,26
37.943,76.681,32
41.111,83.819,30.017
38.877,93.009,34
37.53,74.228,30
46.196,92.367,28
52.995,93.262,22
62.305,124.87,24
45.463,101.81,32
44.493,98.197,32.017
40.49,77.396,26
38.916,72.251,24
42.523,76.632,21.983
48.237,74.3,16
46.583,85.962,24
42.037,84.928,28
38.385,74.192,28
30,74.152,36
37.734,76.95,32
64.499,101.07,18
46.188,84.935,22
33.999,66.705,32
29.625,77.267,42
39.542,82.513,26
35.824,73.931,34
65.903,167.38,40
54.863,134,34
37.611,72.47,29.983
36.333,74.362,28.017
32.125,81.539,40.017
33.213,66.013,22
43.918,75.321,22.017
30.657,71.02,38
42.737,87.79,30
38.224,64.511,22
39.636,76.147,26.017
32.821,75.293,38.017
34.033,88.927,42.017
39.749,71.855,24
43.688,71.52,20
44.358,106.07,38.017
43.299,83.85,30.017
40.729,73.684,24
34.485,79.701,38
33.881,79.315,34.017
43.404,85.704,26
35.343,97.909,44.017
38.066,79.472,32
67.05,108.43,20
33.308,77.599,32.017
32.305,70.512,32.017
34.272,82.256,32.017
34.808,68.345,28
35.045,88.02,34.033
36.635,87.026,32.017
39.283,79.361,30.017
36.675,66.916,24
36.546,67.472,24
35.571,80.095,30
40.319,79.238,28.017
35.912,77.745,30
42.815,83.809,26.017
40.716,85.982,28
38.035,81.157,28
35.296,60.692,22
44.355,80.628,24.017
48.717,88.312,22.017
46.078,84.547,22.017
47.121,85.992,22.017
47.938,87.187,24
40.921,68.659,20.017
41.642,70.437,22
80.543,126.51,20.017
87.835,133.23,14.017
57.579,99.772,22
54.226,92.45,22
47.749,80.113,20
56.339,97.245,20
43.494,74.729,20
34.387,61.208,22
39.605,115.66,40
30.486,89.622,46
33.503,76.334,38
38.265,92.624,36
42.163,89.521,32
37.317,83.321,34.017
42.45,89.537,30
38.361,79.846,30
41.485,92.286,34
38.278,85.413,30
46.229,100.31,31.983
71.931,118.32,18
67.509,98.446,15.983
41.461,72.378,24
34.648,70.721,28
41.783,79.494,24
37.491,74.55,26
49.496,106.25,28
49.684,84.036,20
33.962,72.187,32
36.713,63.48,22
36.441,77.397,30
40.449,70.498,26
66.334,173.28,39.85
57.056,102.78,23.983
34.579,70.68,26
38.637,65.561,22
38.156,74.376,26
36.239,74.018,28
29.18,53.663,26
39.111,67.526,20
36.329,72.053,30
46.405,82.271,22
47.326,93.812,30
40.62,72.764,22
45.048,71.279,18
39.62,67.9,22
50.164,103.65,27.983
53.317,86.668,18
41.398,81.009,26
46.489,78.455,20
44.346,80.605,22
53.075,92.287,24
52.464,88.211,20
49.242,83.224,20.017
43.549,61.903,10.017
49.415,86.356,18
88.403,135.22,16
99.519,128.92,10
54.041,84.743,18
44.438,69.841,16
45.085,67.1,16
64.947,98.8,16
47.738,87.183,24.017
42.753,72.951,20.017
44.477,92.599,28.033
40.532,80.287,26.017
40.958,100.84,36.033
40.412,88.827,30.017
35.841,73.787,32.017
61.263,92.787,20.017
46.346,85.153,24.017
35.21,74.147,30.017
31.704,61.475,26.017
41.567,88.379,28.017
47.502,86.072,24.017
42.884,86.385,26
47.182,99.776,32.033
35.378,88.623,36.033
40.222,90.487,32.017
42.967,79.049,24.017
33.573,74.859,34.033
37.307,88.245,32.017
30.451,78.275,40.017
31.544,72.3,30.017
39.636,87.523,30.033
40.641,85.35,30
31.342,64.719,32.017
43.475,77.733,26.033
39.022,88.494,30.017
37.065,83.077,30.033
39.276,79.009,28.033
36.072,62.264,26
37.445,90.257,32.017
31.572,65.361,26
44.929,74.834,24.033
40.365,70.506,22.017
29.146,68.124,28
43.877,73.647,20
38.682,87.945,36.017
36.952,66.554,26
41.39,73.015,22.017
39.128,71.903,26.033
31.912,78.849,34.017
36.545,76.358,28.017
40.188,97.755,30.033
45.058,93.803,28
58.412,149.41,39.85
40.658,79.6,28.033
39.739,80.741,28
45.193,76.737,20
46.317,79.122,20
34.802,79.098,34.017
43.062,91.1,32
43.001,67.697,18.017
57.918,101.78,22.017
40.313,76.251,26
54.751,90.709,18.017
46.873,87.798,24.033
60.096,95.171,18.017
47.164,78.811,18.017
60.84,97.646,18.017
41.425,100.09,36.017
48.284,52.762,3.9833
52.447,103.43,26
65.438,114.73,24.033
58.306,93.616,18.017
43.89,76.965,22
38.746,81.967,30.017
42.4,124.56,44.033
44.142,89.802,28
56.396,109.77,26.033
36.105,77.287,30.017
73.931,152.44,26.017
46.733,99.419,32.017
55.578,118.29,34.017
60.307,95.631,18.017
35.601,80.38,38.017
35.517,73.136,32.033
45.688,83.992,22.017
40.734,112.67,42.05
45.169,97.453,28.033
37.191,79.105,28.017
43.099,77.901,26
36.179,74.596,30.017
56.721,100.7,24.017
40.514,96.249,34.033
39.638,102.09,38.033
50.072,88.703,24.017
44.171,73.317,18.017
42.249,103.24,36.033
51.28,85.451,20.017
41.684,106.4,38.033
57.73,98.582,20
43.965,109.28,34.05
55.682,86.699,16
39.02,80.931,30.017
42.006,81.233,26.05
41.152,76.358,26.017
45.526,75.172,20.017
48.174,95.673,26
53.099,106.14,26
47.792,93.248,28.033
36.061,68.071,26.017
38.955,60.825,18.017
123.47,177.17,20.017
42.004,91.479,36.033
41.116,99.179,42.05
48.501,78.118,20
38.354,85.467,28
47.916,90.312,22.017
35.886,82.83,36.033
47.23,90.844,24
47.037,85.642,24
43.008,88.026,28
47.782,100.7,26
47.097,108.94,32.017
40,78.801,26.017
44.697,88.826,28.017
39.349,92.668,34.017
38.189,80.421,28.017
37.634,73.418,28.017
38.911,79.614,26.017
39.532,74.961,24.017
43.539,90.487,32.017
40.492,70.675,22.017
50.715,99.116,26
37.326,87.778,36.033
53.379,94.884,24.033
46.109,90.171,28.033
37.262,87.684,32.033
39.501,76.485,26.017
45.386,91.185,28.017
46.264,83.471,22.017
49.204,141.49,40.017
42.989,77.291,24.017
36.303,82.484,34.017
36.249,75.147,36
46.328,81.912,22.017
42.581,91.976,32.017
45.145,91.378,30
42.461,95.678,32.033
52.723,76.797,14.017
56.389,118.73,30
41.939,68.438,22.017
44.925,80.155,24.017
51.234,92.303,24.017
37.95,66.066,24
28.982,69.449,34.033
50.933,73.655,16.017
34.566,69.022,32.017
36.592,87.531,34
44.592,91.965,26.017
41.802,75.666,24.017
36.789,77.448,30.033
45.145,78.112,20
42.436,79.631,28.017
63.243,101.43,18
73.712,114.32,16
79.451,116.67,16
37.01,74.68,26.017
36.333,72.468,28.033
47.994,86.452,22.017
41.864,80.214,24.017
41.328,59.25,16
46.084,78.182,18
124.82,166.28,12
53.419,93.44,22
59.195,93.299,15.983
48.542,86.831,20
45.481,81.735,20
42.069,72.955,22
47.561,84.678,22
46.172,75.962,24.017
86.879,95.665,16.017
64.786,161.36,14.033
68.108,96.13,8.0167
36.064,41.995,8.0333
66.515,98.775,16
40.684,81.483,30.017
42.528,82.907,26.017
53.078,82.009,16
49.583,139.77,42
53.916,101.69,24.033
160.66,226.49,18.017
64.133,90.73,14.033
60.53,96.167,18.017
36.164,83.712,34.033
44.241,85.668,24.033
42.776,95.269,30.017
41.259,111.16,44.033
40.87,87.954,34.017
45.561,92.328,28.017
46.065,80.16,22.017
43.217,78.546,28.017
36.621,71.628,28.017
37.562,66.822,26.033
30.589,58.732,26.017
40.617,78.481,24.017
42.526,90.343,28.033
30.32,51.139,22.017
55.772,93.808,20.017
37.906,81.229,28
38.651,70.926,24.017
41.405,92.08,30.033
41.013,79.333,30.017
41.912,84.668,26.017
38.998,72.821,26.033
49.891,116.77,32.033
42.985,93.762,28.033
42.508,91.644,30.05
38.536,92.554,36.033
44.063,99.467,30.033
41.508,84.959,32.033
57.579,85.51,16.033
35.31,74.372,34.05
37.668,88.719,36.017
36.731,86.499,32
42.473,76.642,24.033
38.488,81.026,28
32.841,81.35,38.033
39.472,82.876,28.033
36.26,83.064,30.017
39.626,88.012,34.05
35.598,77.032,30.05
43.048,82.016,24
29.333,73.317,43.783
40.255,124.8,48.067
38.161,78.489,26.033
45.053,89.729,26.033
39.723,76.392,24.017
37.752,87.26,32.017
39.979,81.288,26.017
42.584,117.77,40.033
37.595,80.191,29.983
43.097,75.922,24.033
37.987,77.613,28.05
35.748,81.027,34
41.817,83.678,28.033
55.788,83.797,15.983
38.509,67.049,24
41.697,78.354,24.033
36.534,85.777,34
51.961,107.1,24.017
39.306,69.58,22
48.279,86.215,22
60.766,84.53,34.033
39.794,83.514,30.05
38.974,80.691,28.017
36.941,85.394,36
38.284,73.377,26.017
38.997,83.778,36
41.226,74.548,20
15.731,69.361,26.033
36.159,114.96,44.033
29.616,92.238,48.05
42.721,83.015,28.017
35.46,69.584,24.017
33.904,63.7,24.017
44.741,79.221,22.033
42.242,89.753,32.05
36.123,79.528,30.05
35.58,80.006,34.033
31.58,79.853,38.033
30.37,71.134,34.017
36.381,71.099,29.983
39.306,99.199,38.033
46.06,72.392,16.017
38.218,76.733,30.05
39.986,67.453,20.017
38.411,86.335,34.033
35.555,80.658,34.033
33.223,68.314,32.05
34.706,73.176,29.983
32.863,81.015,40.017
38.917,158.2,58.083
40.73,70.099,26.017
42.768,95.849,36.017
42.992,87.342,28.033
36.875,89.466,36.033
43.48,89.691,26.033
41.048,93.372,32.033
39.553,68.454,28.033
41.139,85.48,28.033
35.575,83.658,34.017
37.174,73.275,28.033
40.862,82.339,28.033
42.756,73.683,20.017
42.786,66.561,18
42.956,82.731,28.033
47.72,110.33,32.033
42.412,85.582,24.017
42.448,74.902,24.017
40.834,87.168,32.033
38.351,76.183,28.033
35.895,85.927,34.017
37.838,86.021,32.033
39.062,80.943,34.017
42.442,80.05,26.017
45.272,86.726,26.017
44.803,88.879,26.017
46.813,87.324,22
36.399,71.808,24.017
48.711,125.19,38.017
43.318,79.457,26.017
41.59,64.404,20
56.093,107.65,24.033
49.634,93.497,24.033
64.174,93.715,16.017
45.338,93.745,26.033
52.964,84.864,20.017
41.671,91.832,30.017
42.617,80.017,24.017
39.705,80.084,30.017
43.292,77.395,20.017
40.379,79.365,24.017
40.957,85.174,28
42.044,77.94,24.017
53.037,76.791,16.017
41.503,72.711,20.033
42.286,74.282,22.033
42.025,91.362,32.033
57.462,99.953,26.017
64.276,99.895,18.033
57.54,127.69,28.033
49.516,93.11,22.033
54.131,85.463,18.017
46.17,70.835,18.017
40.139,71.794,24.017
68.665,101.04,16.017
41.593,74.299,22
78.412,113.27,18.017
59.417,81.356,16.017
44.444,82.769,24.017
44.305,83.82,26.017
179.38,218.71,8
44.153,86.318,26.033
39.022,63.832,18.033
36.612,89.635,36.067
31.553,101.21,44.067
34.955,85.244,36.067
34.361,86.03,36.067
43.49,74.736,20.033
51.349,72.488,12.033
35.11,105.64,46.067
27.246,63.985,38.067
39.849,87.341,30.067
27.865,59.189,36.067
35.712,79.581,32.05
43.282,75.701,22.033
40.357,100.1,34.067
34.017,73.447,26.033
37.616,82.433,28.05
36.352,134.09,56.1
50.403,72.839,16.017
44.369,75.562,20.033
43.957,80.905,26.05
39.528,74.837,30.05
38.807,76.437,30.05
36.446,68.561,22.033
32.255,72.029,32.067
43.051,70.981,18.033
43.65,90.499,26.05
34.415,62.42,22.033
35.346,69.835,28.067
26.918,66.096,36.067
35.401,71.937,32.067
34.325,68.634,30.05
35.531,69.184,24.033
33.083,61.833,26.05
42.028,89.858,30.05
40.977,76.837,26.05
39.253,81.545,28.033
28.865,84.895,48.067
27.156,68.032,40.067
39.993,89.753,32.05
34.67,62.783,26.05
35.32,69.438,30.05
34.803,100.21,42.05
36.591,70.078,28.033
34.217,86.153,38.05
28.994,86.124,48.067
42.132,92.341,28.05
39.748,76.909,28.05
51.262,103.33,26.033
54.261,83.548,18.017
141.23,195.67,14.017
84.42,111.39,10.017
45.054,86.506,26.033
41.34,72.835,20.017
41.981,83.844,26.033
49.922,111.37,36.05
58.273,97.729,22.033
35.147,70.316,28.05
37.839,70.316,24.05
39.761,70.79,20.017
39.763,66.417,22.033
40.525,78.811,26.033
38.261,75.084,26.033
36.79,77.425,28.05
40.075,81.988,28.05
43.294,118.52,42.067
41.74,92.606,30.05
33.553,102.59,40.05
39.355,93.682,38.067
34.104,95.252,38.067
40.098,87.383,32.05
43.571,85.561,26.033
37.398,76.308,30.05
41.683,92.285,28.05
37.128,75.689,30.05
43.919,115.45,38.067
35.691,75.326,30.05
33.914,67.508,30.05
35.127,71.803,32.05
39.424,101.63,38.05
44.368,78.532,22.05
47.907,73.268,18.017
40.718,95.095,36.067
41.851,83.794,28.05
33.693,71.768,32.05
38.008,69.214,24.033
30.416,74.896,38.05
43.182,77.201,24.033
41.144,71.304,24.033
41.866,100.16,34.05
38.804,68.436,26.033
35.289,71.699,24.033
46.387,103.87,34.05
45.84,88.892,24.033
51.509,77.711,18.017
41.106,73.591,26.033
49.966,94.591,28.033
45.723,89.31,26.033
42.996,94.137,32.033
45.629,91.88,30.033
38.764,85.631,30.033
38.702,89.004,34.05
41.029,88.79,28.033
39.702,78.375,28.033
47.092,95.28,24.033
43,65.194,18.017
45.77,82.416,22.017
35.151,62.163,24.033
48.166,84.187,24.033
46.592,98.659,32.05
43.206,78.302,22.033
35.189,81.586,32.05
42.378,106.37,34.033
32.738,94.823,42.05
45.838,102.25,30.033
45.893,84.751,22.033
42.772,86.994,26.033
46.637,95.119,28.033
39.615,65.664,20.017
45.563,86.204,32.05
42.081,84.637,24.033
40.446,71.185,24.033
38.01,81.702,32.05
54.554,91.734,22.033
54.204,80.261,18.033
38.429,76.801,26.033
37.27,100.52,38.05
42.86,81.657,24.033
43.53,79.681,24.033
52.69,82.553,18.017
45.53,91.912,28.033
43.132,80.038,28.033
33.255,68.18,32.033
37.552,87.168,32.033
35.741,85.928,34.05
52.178,82.936,18.017
36.08,79.501,28.033
45.548,83.919,24.033
34.499,116.31,48.067
35.812,64.31,24.033
37.336,80.084,32.033
45.742,95.499,32.033
39.148,74.301,24.033
58.417,87.085,18.017
42.883,77.325,26.033
46.447,73.705,20.033
53.61,98.224,24.033
38.097,84.464,32.033
48.416,83.794,22.033
43.065,107.7,34.05
36.641,80.58,32.033
41.309,71.457,24.033
43.562,74.308,18.017
42.029,91.743,32.033
38.785,68.918,24.033
43.059,71.194,20.033
35.072,62.337,24.033
33.092,72.67,28.033
40.832,76.31,24.033
41.939,94.946,32.033
37.971,69.861,22.033
43.62,96.303,28.033
40.213,76.941,28.033
42.697,73.948,22.033
35.411,69.716,28.033
47.063,114,36.05
40.65,99.178,38.05
40.585,83.441,28.033
45.648,81.411,26.033
37.637,94.041,34.05
36.812,75.579,28.033
40.764,82.642,30.05
43.115,85.644,26.033
37.203,78.327,30.05
40.069,73.874,52.05
36.663,76.506,28.033
39.44,82.912,32.033
31.706,77.582,32.033
41.461,59.311,16.017
41.051,70.546,20.033
36.784,77.284,32.05
40,88.7,34.05
62.957,89.478,14.033
62.889,97.379,16.017
42.963,80.636,22.033
39.798,75.795,28.05
34.896,85.513,32.05
39.237,84.748,38.05
43.027,83.837,26.033
49.822,81.966,20.033
51.61,85.857,22.033
43.494,71.97,18.033
32.461,63.389,22.033
43.724,65.743,18.033
43.743,79.158,18.033
39.632,76.745,26.033
48.264,82.928,20.033
37.215,82.413,32.05
52.752,92.247,22.05
60.352,96.072,18.05
38.758,89.118,34.067
35.427,88.782,36.067
48.456,90.1,26.067
46.369,81.715,24.05
38.213,84.361,34.067
31.977,58.827,24.05
32.084,66.12,28.05
51.239,87.534,22.05
61.236,92.568,16.05
48.556,80.146,24.05
46.427,83.782,26.067
44.226,123,46.083
39.732,78.221,28.05
38.277,76.695,28.05
38.968,56.947,16.033
38.798,83.674,38.05
36.754,47.953,10.033
50.024,70.208,14.033
60.821,101.62,22.033
60.172,79.719,14.033
51.194,81.563,18.033
41.906,75.269,26.033
40.159,76.084,24.05
28.681,76.96,42.067
58.464,86.351,16.033
36.974,75.049,28.05
39.601,82.054,30.05
51.095,100.5,26.033
49.731,91.154,28.05
48.091,95.546,30.05
41.759,88.88,34.05
44.907,82.054,24.05
36.993,86.048,32.05
40.947,76.647,22.033
42.57,77.665,28.05
38.676,64.933,22.05
35.843,65.705,24.033
37.36,83.391,32.05
45.795,97.481,32.05
39.603,69.817,22.05
46.823,88.396,22.05
39.096,115.76,42.067
91.961,117.57,14.033
41.045,80.937,28.05
41.287,80.018,26.05
43.535,101.2,32.05
40.895,85.504,28.05
45.245,74.796,20.033
61.803,100.73,20.033
34.547,74.402,34.067
68.68,116.87,20.033
37.428,77.165,26.05
41.556,77.665,24.05
40.03,93.129,36.067
35.836,67.874,28.05
43.013,82.326,30.05
42.457,97.749,34.05
34.361,84.444,36.067
57.016,90.551,18.033
57.723,92.208,20.05
43.375,103.05,32.05
46.628,97.712,30.067
51.165,78.642,20.033
44.073,80.605,22.05
54.537,124.98,32.05
79.229,114.65,16.033
38.235,82.539,28.05
45.381,92.83,28.05
34.084,72.062,28.05
32.964,93.251,36.067
31.749,76.38,34.067
49.539,84.235,20.033
30.049,79.746,38.067
42.218,75.712,24.05
37.68,75.12,26.033
34.746,72.964,26.033
40,95.076,34.05
32.568,84.671,38.033
38.805,72.769,26.033
37.748,60.857,16.033
30.858,69.638,32.05
32.447,71.172,32.033
35.735,85.957,32.033
37.428,83.807,34.033
40.091,80.815,28.017
40.3,83.606,32.033
53.014,83.601,20.017
40.1,89.89,30.033
44.803,80.884,22.017
66.847,88.323,18.017
32.758,77.07,34.033
70.101,116.54,18.017
32.06,74.304,36.017
44.901,85.829,24.017
43.428,91.968,26.033
31.889,67.011,26.033
39.763,90.17,30.033
43.223,79.867,22.017
46.148,116.53,36.067
46.981,114.11,36.067
26.057,92.03,26.033
28.968,72.282,34.033
44.775,97.34,32.05
36.96,72.414,30.05
30.033,78.072,34.033
31.848,63.624,34.033
36.769,86.886,30.05
42.875,79.863,22.033
35.237,72.029,34.033
34.337,84.067,36.067
35.63,75.716,30.05
42.765,75.544,24.05
35.013,87.511,34.033
40.23,71.074,20.033
43.615,73.477,22.033
38.294,90.693,34.033
32.502,79.21,32.05
51.126,61.945,4
54.097,100.29,24.017
45.08,113.28,34.05
50.012,87.912,20.017
41.343,80.686,26.033
46.898,96.738,28.033
39.283,80.749,26.033
41.065,87.284,28.033
39.844,85.839,32.017
43.316,96.703,34.05
44.042,87.296,28.033
40.018,94.935,30.033
43.882,102.15,34.05
53.33,99.368,24.017
41.2,88.889,28.033
39.6,77.005,30.033
32.394,76.24,34.05
33.375,74.169,30.033
38.033,91.049,34.05
38.198,88.908,32.017
35.388,71.789,28.033
45.418,95.833,32.017
35.49,68.238,24.017
38.563,80.066,26.033
45.765,78.281,20.017
46.613,75.385,24.017
39.922,72.217,24.017
40.855,90.552,34.05
35.467,69.172,26.033
38.756,73.877,30.033
34.412,68.413,32.017
43.909,90.735,26.033
40.724,75.486,24.033
39.745,74.726,26.033
38.097,72.887,28.033
47.792,93.782,28.033
41.69,74.196,24.033
45.479,74.684,20.033
44.327,88.947,26.033
41.628,66.209,18.017
40.52,73.582,22.017
38.16,80.969,30.017
41.686,75.709,24.033
35.366,74.466,32.05
41.055,70.065,26.033
39.04,75.97,26.033
38.013,71.309,26.033
34.208,68.82,26.033
53.966,96.567,26.033
38.098,72.857,26.033
37.529,83.105,28.033
32.048,64.088,30.017
44.179,86.061,26.033
41.126,78.999,28.033
38.211,80.998,32.05
42.061,84.3,28.033
42.741,81.432,24.033
47.833,96.202,26.033
45.213,89.766,32.05
50.465,92.734,24.033
46.933,91.827,24.033
39.246,74.712,24.033
37.406,61.996,20.033
51.459,101.78,26.033
49.903,88.101,22.017
44.844,91.382,28.033
44.166,82.741,24.033
45.758,95.825,32.05
41.406,84.741,28.033
44.176,81.997,24.033
44.788,91.305,28.033
49.01,88.059,22.017
34.041,76.462,30.017
41.249,81.958,32.05
69.527,109.88,20.017
60.356,109.62,24.033
36.943,70.092,24.033
46.258,81.057,22.033
40.077,80.323,30.05
28.416,57.58,30.05
43.995,80.049,24.033
49.741,98.948,28.017
41.717,86.685,28.017
43.279,86.009,26.033
37.951,69.148,24.033
41.703,95.767,30.05
40.589,76.071,24.033
38.192,76.352,30.05
45.033,92.317,28.017
44.881,88.189,24.033
41.264,76.357,26.033
41.447,78.008,22.033
54.841,95.356,22.033
43.678,83.184,28.017
39.629,84.345,28.017
39.27,81.243,30.05
36.446,75.077,28.017
37.659,75.395,28.017
39.003,69.616,24.033
40.041,75.76,26.017
41.869,88.87,28.05
35.141,76.283,28.05
44.305,82.976,22.033
43.034,79.425,26.017
62.341,93.948,14.017
43.923,73.274,20.033
37.455,70.77,24.033
33.809,60.651,22.033
43.669,88.679,28.05
43.031,66.294,22.033
42.124,87.163,28.05
42.956,72.576,18.017
42.39,87.031,26.017
44.937,81.411,20.033
39.163,81.829,26.017
42.58,78.293,24.033
46.545,91.619,26.017
44.711,88.247,24.033
76.49,124.77,18.017
46.316,78.716,18.033
43.292,93.386,26.05
45.774,83.788,26.05
44.339,79.971,24.017
42.743,71.857,22.033
44.657,78.214,22.033
58.201,89.06,18.017
43.736,76.138,22
50.503,85.57,20.017
65.64,107.5,20.017
49.771,93.454,24.033
68.641,105.63,18.017
41.329,80.145,24.033
52.864,88.016,18.017
56.657,89.064,18.017
51.761,87.177,18.017
65.845,99.807,18.017
52.917,91.343,22
45.781,85.831,24.033
49.53,79.243,20.017
46.684,75.873,20.017
39.459,77.633,24.033
34.723,59.979,24.033
44.674,78.369,24.033
41.567,78.937,24.033
40.362,60.889,18.017
40.942,57.529,22
40.896,73.733,22.05
50.156,87.256,20.017
47,81.342,18.033
46.467,81.813,22.05
54.792,75.007,20.017
44.935,78.104,22.05
47.538,84.728,20.017
44.963,77.77,22.05
45.269,73.023,20.017
48.777,77.883,20.033
46.438,69.67,16.017
47.04,84.076,20.033
49.946,84.437,18
51.69,84.609,20.033
45.047,72.395,18.033
53.07,85.164,16
51.153,76.882,14.017
61.962,95.99,14.017
39.726,63.539,18.033
51.187,85.398,18.033
54.537,82.084,18.033
54.333,143.5,39.783
40.244,70.296,24.017
45.169,101.69,34.033
43.804,89.61,28.033
37.746,92.275,38.033
35.035,70.941,32.033
55.909,110.33,28.017
40.182,91.704,34.017
46.914,87.339,24.05
39.187,91.198,32.033
40.043,92.055,36.033
35.83,89.903,40.033
38.271,68.742,26.033
50.185,92.043,26.017
32.995,74.976,32
35.542,78.928,36.033
53.309,90.094,20.017
47.708,79.549,20.033
44.607,99.06,30.05
44.49,98.096,32.017
45.101,82.368,24.05
44.384,107.79,36.033
39.341,81.124,30.05
38.018,110.26,48.033
34.462,81.237,36.033
45.101,106.53,36.033
48.194,86.963,28.05
52.946,99.719,28.017
42.53,75.037,24.017
32.055,68.066,32.017
37.196,81.136,36.05
40.909,69.467,20.033
43.306,84.353,26.033
35.607,83.068,36.05
45.732,94.318,30.033
42.911,96.971,32.033
28.404,61.52,36.05
46.648,93.644,26.017
36.661,77.199,32.033
41.068,66.202,24.05
38.011,70.449,30
42.624,86.064,28.033
43.697,92.828,30.017
44.035,75.303,22.033
40.943,80.264,28.033
52.574,97.92,28.017
33.695,68.426,30.033
41.072,88.74,28.017
44.121,91.731,28.017
33.7,85.784,36.033
47.093,95.374,28.05
51.472,83.026,20.017
31.566,92.171,44.033
39.462,91.951,38.033
57.84,89.845,18
43.294,101.61,36.033
49.703,91.388,26.033
30.76,74.773,38.033
39.382,88.919,36.033
43.339,84.358,30.017
40.56,107.22,38.05
35.155,70.723,34.033
37.089,65.799,24
48.82,100.29,30.033
54.17,104.38,28.017
32.764,92.919,44.033
36.437,83.794,34.033
61.566,122.27,30.05
86.327,147.24,22.017
36.013,59.08,20.017
38.201,66.985,20.017
38.293,105.88,42.05
32.014,78.974,36.033
32.023,76.394,34.033
34.798,79.348,32.05
33.973,78.106,38.017
34.132,79.549,38.017
47.148,114.21,38.017
47.889,100.91,32.017
39.349,67.794,22
38.486,71.334,30.033
46.397,77.408,20
50.734,88.74,24.017
38.617,71.888,26.017
36.498,83.228,38.017
35.287,70.534,28.033
55.495,87.565,18
40.809,91.357,36.017
44.749,87.768,26.033
34.52,70.972,32.017
32.657,79.22,42.067
42.587,75.96,22.017
44.349,88.423,26.033
32.993,74.179,36.017
35.585,73.284,30.017
34.236,68.168,32.017
31.449,75.351,32.017
42.837,74.122,22.017
45.125,77.033,24.033
44.01,83.673,22.017
46.61,82.928,24.033
48.958,69.896,14
45.599,83.267,24.033
44.518,76.59,24.033
43.668,77.809,26.033
49.624,86.839,24.033
43.166,77.952,26.033
50.569,83.599,22.017
39.486,72.701,24.033
42.335,96.498,32.017
43.08,85.972,30.017
49.515,107.17,32.017
48.495,85.431,20.017
48.61,86.945,22.033
34.954,73.523,32.017
43.141,94.712,30.017
37.442,75.12,32.017
39.05,75.803,26.017
46.313,94.657,30.017
36.105,70.141,28.017
43.614,94.467,32.017
36.397,78.637,32.017
35.283,72.238,28.017
53.669,89.399,18.017
41.978,101.79,36.067
43.493,90.87,26.017
51.925,85.835,22.033
40.739,82.216,28.017
38.189,86.583,32.033
44.286,92.213,30.017
40.715,104.81,38.05
42.4,91.747,34.05
47.147,80.57,20.033
44.954,81.451,24.017
45.528,82.855,26.017
45.829,88.696,28.017
50.9,83.875,20.033
46.608,100.18,30.033
45.433,89.328,34.067
51.987,102.14,30.033
49.702,85.346,20.033
36.544,74.886,30.033
46.354,85.937,26.017
46.123,98.443,30.033
52.069,105.4,30.033
47.481,117.13,36.05
44.396,93.334,30.033
63.184,104.98,22.017
43.302,60.146,36.05
58.607,126.13,34.05
51.65,100.38,26.017
60.165,85.399,18.033
38.937,63.101,22.017
38.261,63.304,18.033
37.779,59.647,22.017
48.027,90.273,28.033
38.949,84.377,32.067
44.711,91.757,28.033
41.803,84.464,28.033
44.865,88.876,26.017
46.153,87.334,26.017
45.559,75.497,20.017
50.716,82.507,18.033
43.003,83.351,30.05
50.521,104.25,28.033
52.627,88.703,20.017
45.214,80.114,26.033
45.122,82.707,26.033
35.161,68.881,32.05
36.465,68.081,32.05
60.654,90.326,16.017
54.472,107.84,26.05
43.647,85.64,26.05
45.011,78.263,20.017
49.856,89.93,22.017
51.717,99.257,28.067
48.026,91.071,26.05
39.15,78.387,26.067
46.858,75.542,22.033
48.672,96.337,26.067
55.057,90.817,18.017
50.977,91.142,22.033
33.62,66.706,26.05
34.493,62.912,26.05
75.481,127.48,22.067
42.294,67.345,22.067
44.168,55.851,14.033
45.387,67.091,16.017
54.963,71.894,14.033
43.87,57.404,10.033
