23,41.136,79.157
20,50.143,95.231
17,43.037,77.051
16,58.069,100.17
19,44.226,84.151
21,43.04,81.074
16,50.035,89.179
23,43.086,89.351
15,48.11,79.101
15,44.068,80.09
19,52.03,98.204
20,41.126,76.089
24,41.135,82.104
25,36.04,89.187
14,42.081,66.162
23,46.148,94.278
21,37.157,80.399
23,48.099,102.29
16,57.044,95.2
14,49.025,82.055
26,38.041,88.345
20,44.063,88.116
21,53.095,114.27
22,38.113,77.054
15,54.034,95.136
26,37.041,92.096
27,39.065,82.168
19,56.112,106.19
21,47.097,98.185
22,40.006,82.172
15,51.059,86.157
20,46.134,84.12
33,38.119,108.13
28,35.264,73.153
21,38.064,78.049
19,43.087,83.233
20,50.062,84.216
17,48.062,83.178
22,40.235,80.303
24,37.102,81.284
17,43.086,80.146
27,43.136,110.18
25,47.037,103.09
25,42.206,93.232
21,44.051,88.149
19,50.059,89.297
15,51.065,86.172
18,47.058,88.325
27,43.12,98.073
13,58.102,81.263
26,35.056,90.116
25,47.239,104.13
26,39.054,88.079
24,43.123,84.223
18,52.149,102.15
27,37.061,88.072
18,48.168,96.316
18,41.038,77.304
24,38.053,76.075
21,44.046,85.092
12,47.05,67.077
18,54.093,102.14
27,42.042,78.176
22,45.015,97.123
27,39.181,94.157
19,51.062,99.235
22,47.136,92.136
19,48.078,100.26
22,46.138,96.18
24,41.065,90.276
22,41.159,77.098
17,51.15,90.157
23,37.03,81.194
18,43.136,78.14
17,49.13,86.094
12,51.136,83.281
21,50.268,104.26
25,44.034,97.334
16,44.102,79.094
17,49.151,94.084
13,66.24,103.19
19,52.067,95.177
17,49.11,82.232
25,47.083,104.29
28,42.099,101.12
19,45.168,88.171
22,53.131,92.174
18,47.068,84.274
21,41.109,75.145
22,49.025,91.087
17,49.012,82.13
27,40.077,95.05
27,35.228,84.138
21,46.116,91.285
37,41.028,136.07
21,44.032,90.053
25,45.038,100.2
23,39.098,84.071
12,48.056,77.11
21,38.114,79.221
24,38.012,88.266
19,45.015,87.18
25,38.121,84.191
24,42.074,89.076
24,41.075,91.157
16,46.013,80.206
17,42.166,75.141
20,44.027,83.2
22,41.129,82.304
19,46.068,90.205
20,46.063,91.171
20,49.019,101.4
22,47.021,92.243
25,36.127,90.158
19,44.072,85.051
23,46.09,90.233
22,39.021,79.129
24,46.038,98.209
19,49.166,87.115
22,38.016,76.127
24,41.008,86.088
38,38.186,125.27
19,51.156,99.194
22,43.063,91.204
17,50.022,93.084
17,54.047,103.25
17,45.132,83.286
30,41.091,103.17
20,49.214,95.192
25,48.103,110.34
18,45.035,81.342
15,53.159,91.088
21,45.095,81.151
21,43.048,84.037
19,51.141,93.21
25,43.048,104.15
30,41.042,101.22
35,43.145,127.22
21,43.047,87.389
18,43.062,80.151
19,48.049,80.135
24,42.112,91.274
19,46.014,85.153
12,50.109,69.079
17,45.149,78.213
25,40.059,92.187
24,37.157,92.121
23,41.07,90.148
24,46.027,107.18
19,45.038,85.231
18,45.028,87.125
22,44.023,91.061
20,48.086,94.145
22,49.109,95.13
22,47.108,89.084
19,57.105,105.24
23,42.071,88.155
22,42.066,85.119
25,51.054,112.2
27,40.116,98.304
23,38.044,79.084
36,39.083,152.32
27,45.024,104.18
21,46.026,77.094
24,41.029,79.19
22,36.066,77.123
24,46.041,91.172
23,44.028,92.198
23,51.035,100.18
13,53.143,83.259
21,48.154,102.3
16,56.052,97.213
23,40.048,86.115
21,50.148,99.225
12,65.05,95.048
21,45.097,89.215
15,65.195,98.293
19,45.054,89.106
27,40.018,94.055
21,39.129,76.151
19,49.09,89.148
14,48.079,75.21
21,40.104,85.278
32,40.068,116.16
19,42.058,77.35
23,48.108,104.19
20,52.102,95.233
22,62.073,124.25
18,55.042,87.204
19,47.078,95.121
20,37.042,81.05
23,43.142,89.104
25,44.079,103.43
18,44.259,82.173
19,56.032,103.21
18,48.125,92.116
27,48.031,112.22
24,42.066,90.161
20,48.116,82.223
15,41.042,69.061
30,47.082,113.17
22,38.043,77.24
20,51.03,107.28
19,53.165,94.411
26,44.061,105.2
20,40.063,78.157
22,45.114,87.174
23,32.048,75.128
18,43.056,75.117
26,36.118,79.153
18,65.102,123.21
26,35.067,89.186
21,44.06,83.112
19,49.098,87.164
43,40.047,146.35
20,41.086,87.166
22,42.024,89.069
24,40.119,83.245
19,42.235,78.147
18,46.053,84.28
21,41.067,84.176
24,42.065,85.22
22,46.025,93.157
24,40.057,89.13
21,43.062,89.271
26,27.01,65.212
20,45.068,95.165
20,49.057,94.096
20,49.099,99.117
25,41.012,88.162
20,45.095,84.286
25,42.017,91.148
17,52.031,92.181
24,37.305,87.329
23,37.133,91.186
15,53.145,86.102
18,54.084,102.06
18,48.047,83.199
18,50.058,88.259
24,46.114,96.37
21,40.032,79.102
17,45.027,80.154
21,48.016,99.357
21,39.058,78.12
24,45.066,94.107
21,36.109,73.087
22,40.091,80.1
18,45.068,83.27
20,46.06,87.132
15,45.03,81.088
19,43.009,78.131
18,48.198,84.143
16,42.01,68.042
21,42.103,84.326
22,40.161,79.341
18,49.156,91.16
22,48.04,101.09
20,42.193,80.059
17,46.079,83.16
21,41.096,84.122
21,47.064,96.111
23,41.054,78.142
14,48.059,73.241
19,51.076,97.129
19,54.21,101.08
14,55.232,85.362
21,43.051,80.234
18,48.028,88.239
14,51.03,83.088
16,53.11,91.14
23,41.07,79.11
20,45.071,88.287
27,47.011,117.2
22,40.019,86.095
17,46.038,82.178
20,51.046,94.154
27,40.093,107.05
20,46.068,82.142
22,48.137,87.118
25,44.122,100.13
29,44.091,108.17
20,38.047,79.06
17,55.14,95.103
25,42.192,98.111
21,42.06,81.267
23,53.047,105.22
19,44.135,81.086
17,52.12,93.26
17,42.091,75.159
21,45.102,87.247
16,46.01,77.158
24,42.073,100.27
21,47.04,86.152
11,66.132,90.164
22,48.084,96.119
20,47.037,97.149
17,47.101,88.158
19,51.071,100.16
24,46.079,97.173
24,44.058,90.22
12,68.103,104.38
18,37.094,75.371
17,57.102,99.1
25,43.04,100.22
21,48.09,92.233
23,48.034,100.17
23,43.098,85.065
21,45.013,93.337
25,36.087,81.075
28,44.104,113.26
21,41.229,83.296
21,56.032,116.32
17,46.042,84.065
19,36.022,67.076
23,41.097,86.261
26,34.184,86.147
12,64.069,101.33
28,42.03,97.113
24,45.081,96.135
20,45.028,85.189
20,43.019,75.079
21,44.132,85.186
25,48.058,112.23
18,54.058,96.116
25,45.059,90.405
28,46.104,119.25
25,42.106,85.281
25,43.032,96.12
24,46.018,97.118
39,46.144,162.24
10,34.193,47.155
18,44.077,77.206
18,52.099,90.424
24,43.065,96.101
37,41.052,127.17
19,42.123,80.151
27,46.013,107.39
16,47.202,83.169
17,46.085,87.148
16,54.116,94.201
16,49.069,85.087
17,46.111,92.126
20,44.052,84.078
17,47.051,83.204
18,54.059,97.128
23,44.096,89.115
23,40.057,83.045
21,46.116,90.189
15,45.05,71.162
21,42.024,86.18
24,37.023,84.105
22,40.086,84.046
20,42.105,78.186
22,44.051,92.179
24,41.019,90.212
25,47.026,102.28
24,45.029,105.3
25,46.022,67.109
23,41.038,78.15
15,47.043,77.324
17,45.121,89.162
22,47.033,98.222
28,40.092,97.133
19,47.077,91.133
22,46.036,92.299
21,50.027,101.23
17,45.042,81.187
22,46.055,87.138
19,51.32,95.091
16,49.01,89.204
15,48.016,79.165
22,43.102,87.131
19,44.062,90.156
11,47.09,67.079
21,47.133,91.107
28,41.048,99.206
16,47.037,72.248
19,36.015,75.108
27,41.048,96.083
15,47.101,76.138
21,42.061,81.11
16,53.131,61.068
14,45.036,68.081
22,42.077,83.053
16,52.037,88.096
19,55.109,100.18
17,48.084,85.245
22,45.061,100.31
19,44.198,78.346
20,40.18,75.108
21,40.04,83.271
26,39.048,85.209
25,41.082,91.341
22,41.064,85.193
19,48.042,88.302
23,42.181,102.21
18,42.175,73.124
21,48.175,88.105
21,43.012,88.053
19,51.113,94.146
24,46.103,104.37
18,43.032,74.132
21,43.153,87.152
18,49.076,91.169
10,103.37,136.16
17,41.084,76.121
18,57.077,102.15
25,41.065,94.257
34,50.093,134.37
18,45.093,79.147
20,48.072,92.071
20,49.24,97.156
14,64.097,102.05
22,41.02,85.168
23,41.054,86.074
27,38.073,94.19
23,40.129,83.203
22,39.043,76.198
22,33.193,68.318
26,42.037,98.111
18,40.069,69.092
20,35.079,69.246
23,41.142,85.182
19,45.122,88.345
22,37.162,78.072
23,37.09,84.072
22,43.036,88.132
17,49.081,91.104
22,41.069,85.149
20,45.12,88.389
29,41.056,101.19
18,44.101,80.342
22,50.192,100.08
25,42.109,88.072
27,36.116,90.153
18,46.138,82.165
23,44.131,91.192
21,41.15,78.064
18,45.064,76.158
22,45.086,80.124
21,42.057,86.2
18,40.09,75.127
24,41.071,96.056
17,45.047,81.153
24,44.052,95.06
21,36.047,74.045
26,42.074,96.064
14,56.157,89.085
13,52.134,85.16
18,53.112,95.235
19,44.071,84.089
21,41.094,82.102
21,46.048,90.085
26,38.017,88.208
27,40.31,86.067
27,39.125,94.148
25,43.018,100.12
24,41.013,91.245
20,50.048,95.114
14,56.087,68.124
18,44.013,70.07
24,47.037,91.05
23,41.119,84.21
25,40.093,89.197
22,42.047,95.311
18,53.029,94.151
23,39.054,88.265
18,48.103,83.086
17,42.06,78.243
22,45.031,92.139
23,51.184,102.14
19,53.18,96.061
19,41.155,83.141
23,43.014,91.243
22,52.094,101.26
27,41.025,95.092
23,39.03,83.162
17,42.166,80.151
21,45.016,86.04
14,66.078,71.109
22,43.255,90.12
12,44.085,65.109
25,42.081,92.143
24,36.014,85.101
20,39.103,72.039
20,44.12,82.067
21,49.049,94.078
20,44.114,88.376
20,40.029,75.12
24,39.029,81.097
16,45.157,77.148
10,53.14,72.311
18,42.063,82.1
18,43.027,77.105
24,38.152,78.059
28,39.145,95.21
23,39.156,88.1
25,45.035,94.287
22,38.087,79.267
15,49.077,80.242
29,45.015,114.3
25,43.015,90.174
22,45.074,96.365
28,45.13,113.28
18,51.116,87.36
33,44.13,112.15
22,39.023,82.177
21,52.036,106.2
10,73.053,105.18
21,41.032,79.199
19,54.075,102.1
20,44.014,77.223
27,44.169,102.26
20,45.019,87.317
24,44.07,84.189
17,47.033,86.2
14,56.089,85.132
16,48.14,82.111
19,45.118,82.142
23,40.139,90.28
25,33.036,80.108
24,38.057,81.37
25,33.184,68.229
15,47.065,80.078
20,40.063,82.314
16,44.212,81.15
21,35.114,74.145
27,40.127,102.09
18,43.101,79.084
20,42.02,84.208
20,46.075,86.192
27,39.019,90.1
18,47.11,81.149
18,51.047,93.136
18,51.108,86.149
17,45.075,87.176
34,41.033,114.28
20,41.094,78.086
16,47.025,83.101
25,52.11,113.1
18,48.123,87.181
26,46.022,108.2
19,45.166,79.085
27,39.02,96.151
17,52.046,89.182
24,37.088,79.205
19,39.099,79.267
10,71.084,96.137
20,46.082,65.198
21,41.214,75.07
11,63.121,88.195
16,50.047,87.125
23,36.059,75.059
20,48.166,91.1
23,51.055,102.08
25,47.086,115.4
15,76.074,123.22
22,43.058,94.197
22,47.05,92.109
18,43.102,82.133
21,40.078,75.074
24,41.013,81.159
13,55.047,83.053
27,53.09,128.24
20,48.05,94.231
17,48.138,91.17
13,56.166,89.143
13,66.19,101.17
23,44.071,90.141
17,43.078,75.087
20,41.055,87.086
25,39.12,88.246
19,55.056,107.13
22,44.08,90.124
18,44.051,83.239
25,46.074,101.18
24,44.032,93.041
19,48.101,92.263
24,47.035,100.2
25,48.115,114.08
17,49.061,86.227
16,69.133,115.24
35,33.11,95.178
19,47.094,94.21
19,42.045,68.127
18,38.129,71.044
12,56.18,84.067
24,40.012,78.172
17,50.165,86.081
29,40.086,101.29
28,37.037,90.106
20,43.051,77.109
20,41.017,80.097
20,40.077,78.123
23,42.021,92.065
17,60.139,108.18
18,38.038,76.096
17,63.086,113.23
22,43.217,87.154
23,43.124,90.246
24,46.038,100.22
22,51.037,96.132
16,53.152,94.234
21,40.072,74.16
23,45.073,82.098
24,38.101,89.132
23,47.051,85.185
20,40.088,75.454
23,44.049,96.259
21,45.078,88.223
19,37.03,76.103
22,40.073,81.128
15,53.026,87.105
22,43.133,85.16
20,36.028,74.103
20,50.08,103.18
19,43.209,81.196
21,53.109,107.22
23,40.054,87.174
19,50.077,88.181
18,54.092,96.164
16,55.086,95.158
22,40.089,87.16
21,47.06,92.192
22,42.053,89.088
19,54.151,104.04
32,45.105,118.26
26,44.231,102.16
30,48.115,126.25
21,38.045,80.132
17,46.11,80.081
24,35.098,83.312
23,43.174,93.105
25,38.101,83.147
17,56.099,102.15
22,43.204,81.214
18,49.059,87.115
24,47.082,96.125
19,56.169,106.15
22,47.102,94.122
21,41.123,84.402
19,47.047,84.115
21,38.018,80.099
17,52.04,85.144
23,43.083,96.174
13,48.028,77.098
19,48.129,85.155
24,45.184,96.069
18,40.135,79.165
20,45.071,88.233
22,38.186,78.108
26,41.076,92.16
20,44.097,85.215
20,49.022,93.192
20,46.167,88.248
12,56.099,81.17
21,49.082,97.08
21,36.021,76.081
16,53.021,93.113
23,44.049,89.17
20,43.02,83.172
25,42.072,95.229
21,51.022,100.16
23,42.152,91.174
22,43.069,84.183
25,41.081,90.123
13,61.178,91.116
20,44.012,82.126
18,42.065,79.081
13,56.273,81.194
25,42.072,97.198
15,54.033,90.132
21,49.066,88.12
19,45.025,94.274
19,46.041,85.082
20,43.029,78.349
27,43.041,101.12
21,43.154,71.15
18,48.136,92.221
19,45.018,85.136
22,41.222,83.175
20,42.038,81.13
22,46.166,91.257
17,62.034,101.13
20,55.037,104.12
24,40.038,69.183
19,44.093,78.163
19,42.04,79.215
22,46.126,101.19
16,55.137,92.06
16,46.119,83.081
29,36.069,89.142
14,46.163,63.048
21,39.041,74.208
23,38.074,81.151
17,43.02,73.064
15,46.122,75.139
22,47.057,69.098
22,35.108,90.132
26,36.053,79.178
21,44.081,88.137
16,47.025,78.155
19,46.074,87.256
17,47.048,81.118
18,53.08,102.07
26,47.114,101.21
22,45.123,91.136
24,42.086,88.199
23,45.126,94.227
28,38.222,86.143
26,41.04,95.182
18,44.123,77.159
21,46.142,99.294
19,43.058,80.152
16,48.125,83.126
21,53.028,96.086
26,46.062,107.39
19,50.042,99.244
22,46.041,97.372
23,43.057,87.206
15,57.068,90.222
24,35.038,77.158
17,47.168,90.316
21,42.147,86.202
22,44.061,98.153
16,42.05,73.095
21,42.084,84.107
20,44.144,83.164
23,39.072,85.268
11,64.091,95.203
15,49.077,76.179
18,48.079,91.297
22,43.031,87.195
34,52.066,146.43
19,44.059,84.106
25,39.064,86.31
21,45.047,84.16
21,50.106,94.138
23,43.094,92.477
18,61.037,112.21
17,46.074,87.339
18,38.137,68.094
25,41.144,97.239
22,45.092,93.123
19,52.049,100.27
16,53.096,87.087
23,43.073,89.34
20,47.189,98.252
22,35.074,72.153
17,44.08,82.24
22,47.04,91.041
15,47.057,80.079
16,52.074,86.125
18,44.051,86.36
15,41.048,76.066
19,50.104,92.302
23,36.075,78.241
25,43.067,93.076
23,35.087,74.042
22,45.05,86.15
26,39.053,87.491
17,46.079,82.351
17,50.035,82.152
24,42.026,82.135
19,44.013,80.03
21,45.07,84.056
11,49.151,68.119
18,45.027,80.135
19,49.057,88.393
24,41.063,88.174
14,49.094,77.132
20,38.027,77.087
26,35.094,88.09
15,51.149,87.244
21,36.033,58.201
19,52.083,87.204
19,50.09,97.119
24,45.145,92.221
41,38.017,140.2
24,41.098,88.133
22,46.025,93.149
24,41.214,86.255
15,53.197,91.258
21,44.099,87.236
24,40.052,90.209
23,41.064,90.236
22,41.099,79.043
20,51.08,92.064
15,50.218,80.157
13,51.096,81.187
12,37.072,116.51
32,48.064,122.2
27,39.069,92.23
19,55.179,95.154
26,40.048,95.077
29,43.081,99.114
16,40.083,69.054
24,42.076,89.136
20,42.034,93.172
20,38.176,83.218
26,37.036,87.106
23,44.051,96.217
25,40.033,80.114
20,47.019,94.082
23,42.03,90.23
20,41.033,76.184
18,47.028,78.038
20,43.045,82.114
18,52.121,90.213
19,56.079,107.14
19,54.068,100.09
23,40.059,91.07
21,53.077,108.19
22,37.065,78.113
21,47.067,89.096
23,45.094,100.22
20,45.071,89.28
14,47.053,78.23
18,45.06,78.12
23,37.199,80.175
16,57.075,103.1
17,48.026,80.122
17,44.036,82.082
23,43.063,94.084
21,52.101,112.2
15,48.053,84.531
43,34.015,128.36
20,45.106,81.154
31,37.118,110.24
15,57.22,95.291
24,44.018,100.19
20,36.098,70.122
19,39.042,82.205
15,45.16,75.111
18,50.163,92.232
18,43.195,79.166
15,48.201,80.062
19,41.123,79.289
22,37.04,80.094
22,51.109,98.337
30,41.051,102.34
20,47.077,86.149
19,42.158,82.073
20,47.102,93.083
18,55.038,100.27
20,42.058,88.153
12,55.106,82.166
19,41.052,84.139
23,44.015,90.135
17,55.15,97.156
21,46.024,88.242
17,51.064,94.105
21,42.031,84.137
16,59.045,103.24
21,34.021,71.148
25,41.144,92.132
23,43.149,86.463
16,46.068,77.443
15,54.045,85.084
20,49.064,94.146
26,36.055,84.115
20,49.014,92.135
24,45.064,93.126
19,50.121,91.303
18,52.044,92.312
18,47.073,91.078
23,38.149,86.136
19,43.114,88.378
23,38.057,81.085
25,38.166,82.182
21,46.078,95.252
22,41.039,88.073
15,86.096,143.15
17,39.038,73.09
26,42.067,100.09
22,49.098,96.095
15,48.107,87.088
25,42.059,92.113
24,44.075,96.09
23,42.11,88.241
20,39.057,81.096
27,45.109,116.26
28,43.069,101.35
19,43.02,80.273
24,43.2,93.183
10,54.059,68.143
28,40.135,92.183
12,70.09,102.15
19,42.043,80.06
17,44.091,73.169
17,47.186,86.204
20,48.127,91.213
23,37.069,79.121
20,53.102,98.124
20,42.05,78.157
24,39.028,82.099
20,48.043,84.266
19,44.076,88.159
17,49.106,87.287
19,59.057,105.15
19,43.034,85.055
19,40.028,81.124
24,46.035,84.212
21,43.089,79.24
19,49.139,90.088
13,48.078,74.118
19,55.051,95.098
17,60.092,101.22
27,35.016,79.209
19,47.055,81.181
26,40.09,98.103
25,45.053,99.087
20,38.018,63.116
20,50.042,91.164
20,41.083,83.109
20,43.081,81.231
19,40.104,74.266
20,53.069,111.31
19,53.104,101.16
15,44.023,74.098
17,46.095,79.315
17,41.069,76.108
26,37.082,90.169
21,46.182,85.171
23,50.119,101.15
15,48.035,78.113
18,50.118,92.17
24,44.046,91.255
27,43.068,97.208
17,58.172,104.13
24,44.108,91.231
18,46.015,76.157
18,48.062,87.216
17,45.192,84.213
17,41.061,77.146
30,39.026,98.092
25,41.079,88.172
24,45.051,100.17
19,47.13,88.087
21,39.109,78.073
16,37.065,68.064
21,46.076,90.208
21,43.088,88.22
18,45.006,88.255
20,50.122,94.147
22,42.031,86.17
17,48.124,85.124
16,46.015,78.239
19,44.14,84.171
21,48.146,87.055
18,58.051,106.35
20,39.078,75.173
22,44.144,94.198
14,54.133,88.233
25,43.044,102.23
21,41.105,76.242
24,41.111,85.153
15,53.044,88.198
14,55.028,97.169
29,41.077,92.216
20,54.058,105.17
15,51.094,85.206
22,49.088,105.18
19,44.053,89.081
20,48.023,87.079
23,45.206,88.168
22,42.131,81.206
24,43.03,96.219
17,56.11,98.189
23,40.07,82.423
21,44.042,87.267
24,46.035,103.23
19,48.08,86.144
14,47.025,80.182
22,44.126,95.312
21,36.263,76.175
18,51.024,90.179
17,47.031,87.236
21,48.14,97.199
30,47.182,111.09
25,40.078,84.111
22,45.035,98.12
14,69.105,109.16
19,39.033,74.162
17,40.078,75.242
21,49.097,102.16
21,43.147,87.118
26,36.056,84.155
21,43.045,84.019
19,41.012,77.194
12,56.056,92.125
20,43.184,80.085
21,47.17,90.095
18,41.048,75.107
25,47.072,101.14
21,45.104,95.126
22,40.077,79.179
17,54.063,94.177
24,43.022,100.17
26,42.097,100.17
22,43.055,91.197
19,50.035,91.218
26,38.037,77.24
19,47.096,87.101
42,42.086,155.44
19,46.072,86.155
21,46.036,94.096
16,44.045,73.063
21,41.215,90.373
16,48.098,83.133
24,48.082,107.19
24,36.016,80.048
19,50.128,92.235
18,63.168,119.12
25,40.145,93.214
18,49.101,86.112
28,41.016,104.27
25,44.045,94.189
19,43.062,93.343
23,38.128,79.21
26,39.088,96.161
20,49.119,94.152
19,53.161,100.11
30,40.191,112.3
23,42.082,91.145
24,38.09,87.229
20,48.038,95.273
19,47.136,83.291
22,44.164,89.302
29,43.039,98.114
20,43.021,79.094
21,45.106,92.066
23,41.023,84.215
25,45.093,107.22
15,34.021,67.083
17,49.134,93.281
22,47.095,91.239
36,45.088,141.35
18,47.036,83.296
19,42.066,78.193
19,43.086,86.053
22,41.102,84.064
22,47.076,90.165
22,40.052,92.084
14,51.051,77.092
19,46.116,91.178
24,47.055,99.148
21,34.072,73.152
20,46.046,82.139
22,50.213,100.15
24,49.141,99.156
21,42.169,83.17
28,37.128,85.39
21,40.024,85.166
15,59.123,96.193
24,40.036,84.111
21,46.062,85.356
16,46.119,82.139
23,41.039,86.138
32,39.055,120.49
10,55.245,72.201
18,43.031,82.159
26,40.163,91.363
27,42.207,91.115
21,43.094,87.081
13,57.279,89.216
17,51.212,85.164
15,58.043,99.136
20,49.101,92.16
20,47.091,92.216
24,38.082,86.137
21,44.051,86.218
22,42.079,87.161
20,42.114,79.047
23,41.038,85.08
20,45.069,88.065
28,38.129,89.394
24,35.097,78.322
22,45.055,97.153
19,46.055,88.187
19,52.04,103.2
20,39.172,77.186
20,44.065,90.064
19,43.093,82.146
26,50.057,114.24
20,44.203,88.359
18,48.066,84.178
23,41.059,87.153
19,39.048,78.108
21,35.099,70.061
21,43.146,85.141
20,46.032,96.234
20,45.096,88.286
27,35.036,92.166
19,37.073,73.203
21,39.059,74.096
19,45.069,82.067
21,44.124,88.085
17,44.052,78.072
21,44.016,82.119
19,48.124,92.194
15,54.136,93.166
27,34.076,86.211
21,42.053,78.149
25,48.147,99.154
28,36.066,85.095
15,49.079,85.082
23,39.033,77.226
20,47.038,91.146
17,51.131,91.2
19,46.045,96.195
22,45.138,91.105
22,56.142,108.26
26,39.16,96.328
27,34.181,86.137
21,43.133,85.328
18,58.107,102.18
24,45.038,94.181
20,42.045,61.046
24,39.089,77.25
27,42.104,89.157
25,43.085,93.422
19,49.076,94.075
20,45.03,88.076
15,49.148,81.18
21,45.107,89.132
20,42.064,82.205
18,41.012,74.177
22,40.154,82.094
19,43.074,81.195
24,45.145,95.232
25,42.036,87.177
19,44.058,77.234
22,38.035,78.176
20,45.112,87.081
28,36.034,87.045
19,49.055,92.081
23,57.054,112.31
20,47.051,93.127
24,44.117,97.414
20,52.175,101.24
18,44.056,78.076
20,43.147,85.215
26,39.103,95.243
25,36.034,81.073
22,46.092,92.089
14,53.045,87.286
21,50.136,98.143
18,52.118,90.246
20,43.071,89.237
20,45.05,86.136
26,36.048,79.251
16,54.147,92.198
17,48.053,86.247
20,46.056,86.225
23,43.106,102.25
29,34.345,90.11
22,42.099,82.086
19,44.209,87.238
21,45.084,82.134
16,48.062,83.143
20,47.02,85.23
23,39.042,78.063
17,53.121,96.262
20,47.043,89.244
16,48.055,79.128
41,41.127,147.2
25,46.024,103.22
15,52.134,86.149
17,52.047,86.056
13,48.037,78.179
23,54.033,107.11
21,47.206,87.177
21,41.097,83.177
26,36.018,80.142
31,38.008,96.177
21,42.188,85.069
22,43.051,88.303
15,42.047,68.128
24,35.008,79.146
21,41.101,80.236
24,39.124,82.315
16,50.111,87.142
14,49.058,71.059
25,40.161,88.329
26,44.17,100.17
26,38.133,91.132
26,41.047,87.306
22,43.045,86.132
28,50.175,124.51
22,40.143,87.154
18,40.041,76.119
23,41.06,85.056
26,42.013,97.145
25,44.04,92.202
23,49.092,107.14
27,33.025,88.198
19,41.024,71.196
34,39.025,129.22
21,45.101,83.168
19,45.079,86.296
19,44.052,85.172
24,51.088,106.28
17,48.083,90.372
21,44.037,87.145
20,47.071,93.159
24,40.197,97.401
24,41.135,86.135
22,46.066,85.12
20,48.145,87.1
21,43.257,76.155
17,55.077,100.24
25,37.08,81.141
18,48.115,86.271
15,52.082,91.331
23,39.06,82.312
19,61.206,119.27
19,52.091,95.379
20,36.094,68.109
25,41.101,95.151
26,46.129,97.131
18,49.02,92.136
17,38.197,69.142
22,45.146,94.154
23,41.08,83.126
33,41.117,95.323
20,44.032,89.058
21,50.099,89.16
27,41.04,92.114
25,42.081,89.124
22,44.069,94.087
24,41.018,86.127
22,42.033,85.184
20,48.161,89.243
18,46.078,85.076
24,39.111,89.161
20,41.05,74.057
18,43.027,76.105
17,45.086,78.196
20,43.091,81.164
21,40.093,82.217
10,49.114,70.14
15,50.1,77.162
21,47.036,93.152
15,66.065,114.1
20,52.201,97.227
24,40.107,83.148
22,47.045,96.284
14,46.12,75.131
25,38.066,80.166
20,45.065,88.128
25,41.026,98.167
18,45.05,86.076
21,44.087,96.155
20,48.078,94.36
16,48.023,84.084
22,32.181,69.174
22,50.038,96.133
17,47.122,86.101
18,45.062,88.208
19,50.136,99.251
27,36.055,84.115
23,36.101,76.078
30,38.022,94.098
21,43.036,86.115
23,43.117,97.141
17,42.051,75.092
21,47.046,94.149
18,53.044,93.17
16,46.076,81.243
19,51.051,96.363
21,40.13,77.127
22,46.187,95.119
18,49.105,83.27
19,43.094,82.293
16,47.054,84.131
19,48.13,90.292
21,39.086,79.115
19,44.092,80.109
27,37.073,90.076
17,42.071,83.17
17,41.019,70.064
16,40.067,75.094
18,38.106,76.189
24,39.091,92.174
31,35.041,94.307
24,46.07,99.157
38,43.14,150.23
22,43.125,83.221
19,44.05,80.151
21,41.046,70.098
13,50.082,79.195
24,40.053,84.076
19,50.069,96.238
16,55.081,87.141
24,42.111,92.308
22,48.184,89.074
18,38.065,74.23
20,43.157,80.109
24,49.046,96.132
25,39.023,81.121
30,41.075,109.09
25,39.069,88.074
24,48.06,107.14
18,44.047,77.387
24,40.092,90.366
17,46.1,83.077
24,48.084,106.4
20,51.078,69.093
21,41.106,87.268
28,41.182,98.305
25,43.091,84.401
20,40.044,75.226
20,50.052,98.162
22,48.075,102.31
26,45.098,100.17
20,51.102,104.15
17,53.092,91.1
21,45.033,88.107
17,50.047,87.174
28,42.147,108.09
16,60.174,103.29
17,49.07,87.209
28,32.023,81.088
27,47.045,114.34
19,52.034,96.267
21,45.054,89.162
26,40.082,83.446
16,54.142,92.138
20,42.114,82.12
26,34.195,86.23
24,41.038,82.204
22,50.066,88.067
18,51.096,89.147
26,46.029,112.16
23,40.154,85.248
21,43.173,80.085
17,49.165,85.208
30,41.024,92.178
26,43.088,93.102
16,49.092,81.099
20,42.029,90.198
26,46.075,106.22
20,42.053,83.374
27,66.08,148.51
19,36.124,72.047
24,39.017,84.254
20,42.081,77.241
11,115.2,164.47
23,51.118,101.21
10,55.107,81.213
13,54.071,83.199
21,56.039,98.135
19,47.091,83.334
17,58.106,103.24
21,46.03,100.22
18,46.115,83.125
21,48.027,96.144
18,41.012,77.1
19,49.059,91.054
18,54.083,107.11
17,48.039,87.121
25,47.096,107.14
23,41.139,83.059
12,61.115,93.158
18,51.061,94.06
20,42.08,84.14
18,46.038,85.089
25,40.016,89.15
25,37.064,85.192
22,40.193,81.153
27,44.189,96.244
16,50.147,81.331
25,49.127,105.17
14,53.034,86.05
20,46.093,87.229
20,41.093,82.248
18,38.047,75.195
21,45.145,90.249
19,47.048,88.147
21,45.231,90.267
27,42.193,100.17
24,39.095,93.269
20,44.071,83.175
24,38.151,85.218
25,35.054,84.149
22,39.06,79.131
28,47.171,130.23
22,37.017,82.205
13,53.067,86.143
25,43.01,95.223
24,45.161,98.32
25,38.016,84.21
18,46.06,87.187
30,39.024,102.23
24,33.057,83.071
18,41.054,82.224
21,46.091,92.355
13,61.075,96.106
26,41.182,94.203
20,44.083,86.141
22,50.044,105.27
25,45.015,100.19
24,38.029,81.216
18,49.054,85.204
20,38.063,75.156
24,43.041,93.148
20,51.058,106.28
24,41.059,90.192
19,52.03,97.259
21,41.088,80.084
19,43.099,79.15
22,43.038,87.108
18,48.024,86.145
20,50.105,101.34
17,49.108,82.143
20,52.037,79.146
20,47.061,92.17
26,40.011,90.227
23,36.282,87.369
23,38.041,79.086
15,44.017,72.181
22,46.052,91.134
20,50.17,98.177
18,55.128,105.16
17,56.16,100.22
24,39.066,90.157
19,51.114,93.249
18,47.086,90.175
20,47.181,97.172
24,42.02,95.202
24,37.078,86.091
22,42.075,86.153
18,43.011,75.158
22,43.123,87.217
21,48.038,93.156
10,53.275,71.103
19,44.024,77.078
16,44.058,78.032
30,39.019,98.128
17,44.041,69.039
22,45.016,74.235
20,39.086,68.141
19,46.115,88.25
24,37.014,83.075
19,41.127,79.187
31,43.04,111.16
21,45.089,82.097
20,41.038,78.132
22,46.137,98.265
25,42.053,86.207
30,40.031,90.095
19,51.09,96.086
20,43.038,76.112
26,38.042,90.17
20,40.153,78.122
30,32.245,85.215
19,47.091,83.295
23,64.18,142.31
15,51.023,85.125
20,48.093,100.43
16,43.018,82.183
16,46.013,80.112
20,51.128,95.308
16,41.123,69.126
24,43.133,90.214
20,47.119,91.161
26,45.159,100.15
17,44.077,86.216
19,42.056,73.112
20,46.095,88.124
24,37.186,82.204
25,39.131,83.132
20,43.127,82.213
24,43.044,102.11
23,42.054,87.322
19,46.115,85.13
19,46.012,83.31
17,50.11,89.158
20,47.074,89.186
17,50.091,93.152
20,39.034,71.15
23,40.058,87.224
20,36.196,76.353
22,43.087,85.239
18,46.079,84.206
23,47.072,98.17
17,56.102,95.298
22,39.089,83.081
25,38.158,80.33
21,39.028,85.232
18,50.06,90.092
19,44.042,86.219
28,36.021,87.136
22,47.029,113.17
19,43.017,83.287
24,44.094,92.213
31,45.067,120.25
26,42.06,95.15
22,49.067,102.17
24,40.114,91.193
24,42.065,96.317
16,50.088,87.119
27,41.048,97.199
18,45.056,81.241
15,49.02,80.159
23,32.035,73.36
19,47.065,86.135
19,39.033,71.27
18,38.068,74.065
23,52.096,110.21
31,40.035,109.16
21,50.113,101.25
24,35.012,70.1
18,43.01,81.102
21,47.098,92.25
21,50.083,98.068
23,33.078,73.179
21,40.018,82.134
15,50.042,79.15
23,46.087,94.083
27,43.112,100.28
16,53.254,92.238
25,40.008,85.162
19,50.059,93.248
15,55.069,95.183
16,40.023,70.116
14,53.028,87.151
16,47.033,81.095
24,46.197,97.265
24,44.041,92.208
26,47.076,106.22
19,53.069,97.28
16,46.153,75.091
24,39.056,87.157
27,36.03,85.225
21,41.048,80.05
22,45.055,96.237
23,47.121,98.179
21,43.181,88.299
20,37.013,74.169
26,43.049,98.061
33,48.03,110.11
24,45.112,76.119
19,43.059,70.179
21,42.075,79.343
20,44.029,87.199
18,46.085,85.102
23,47.112,97.183
20,42.11,77.036
15,47.097,77.17
15,45.027,82.171
21,42.01,84.173
18,53.095,93.236
23,43.037,96.117
19,40.029,77.049
25,41.135,87.106
27,37.086,80.373
19,51.149,86.413
30,39.015,91.225
15,66.151,108.27
25,41.057,88.085
17,55.179,99.143
20,47.147,85.599
15,60.031,95.215
17,46.053,80.074
13,39.022,70.067
20,49.123,96.124
24,39.137,81.126
19,39.037,78.173
25,46.116,105.22
23,46.084,95.135
16,56.082,96.139
23,37.043,74.121
22,44.056,89.112
25,39.043,92.084
23,37.131,80.139
23,41.121,91.21
25,46.094,104.31
27,35.016,86.182
20,52.109,106.24
20,52.032,97.103
13,53.195,83.155
28,40.024,87.25
15,52.019,84.145
22,40.138,83.248
22,39.05,79.212
23,40.084,90.278
28,44.125,99.273
18,47.104,87.257
20,45.081,89.082
15,50.066,83.077
21,47.17,92.249
19,46.088,84.156
30,42.098,114.52
10,173.28,197.15
19,39.049,80.123
20,47.062,98.296
21,40.044,78.055
13,75.103,121.26
20,47.062,87.129
23,43.096,89.297
16,57.076,90.096
22,46.044,93.114
14,45.081,75.167
22,51.026,103.21
17,54.202,97.098
27,41.108,94.174
19,43.043,87.276
19,46.11,86.062
27,47.019,127.33
26,60.041,137.52
21,49.158,88.11
16,44.034,74.095
16,43.102,77.169
21,56.092,108.31
27,45.031,109.23
21,46.134,86.108
26,32.049,74.147
24,42.041,99.089
15,48.034,75.198
18,51.068,95.249
21,47.115,93.11
22,43.03,88.386
20,44.065,78.178
15,47.047,80.084
17,41.06,76.123
21,50.071,94.195
24,42.045,90.097
18,48.05,86.095
17,48.083,80.223
21,46.046,93.184
19,44.184,85.282
22,45.137,100.32
18,45.143,82.103
21,55.171,108.18
18,43.049,79.051
20,45.077,82.213
19,50.083,95.336
23,48.05,103.35
22,38.092,83.445
20,43.035,85.172
18,46.031,80.091
20,45.096,86.125
17,50.078,85.106
28,39.025,92.094
24,37.01,94.306
15,49.026,81.134
20,71.101,133.51
21,45.135,92.21
15,47.12,73.061
21,42.064,93.355
21,42.055,80.248
20,44.053,83.189
18,52.03,89.186
24,41.026,83.197
29,50.122,126.21
25,38.101,91.394
16,50.071,80.127
18,48.115,85.278
23,42.086,87.104
22,39.077,81.105
19,43.109,82.089
22,44.042,82.126
23,44.06,95.151
45,35.024,175.07
19,48.045,92.122
18,47.158,84.118
20,43.043,79.065
12,38.189,53.114
19,55.047,100.22
14,48.014,80.213
15,53.092,90.106
19,45.129,84.114
20,42.077,91.409
20,49.082,98.577
21,41.022,79.336
19,44.038,85.28
18,53.067,96.131
17,37.043,68.136
17,49.029,85.139
23,40.044,83.129
14,58.157,94.232
22,42.079,85.108
20,47.08,84.177
24,44.048,89.228
17,47.055,77.249
18,49.027,87.224
16,51.063,86.155
20,44.046,88.111
21,49.131,97.309
24,44.015,94.149
20,44.04,80.183
20,46.01,86.189
20,47.113,94.132
20,43.087,81.168
20,47.111,89.201
20,38.245,82.305
20,52.106,105.11
19,48.092,86.126
19,45.086,89.101
16,48.045,86.161
21,34.032,76.052
21,48.034,90.173
24,43.141,92.14
14,44.174,66.249
26,40.183,90.118
24,44.028,97.138
21,42.031,79.214
15,48.086,81.205
18,41.046,77.141
19,43.066,90.228
26,38.14,82.188
19,47.068,89.377
20,49.036,95.093
22,42.108,84.142
19,42.029,83.101
17,54.06,96.26
20,43.074,81.116
18,46.048,83.131
28,32.034,86.097
22,49.155,102.36
20,38.106,78.137
18,46.068,73.092
30,38.079,96.127
20,40.123,81.29
22,46.023,98.222
18,42.028,80.082
24,39.113,84.117
17,51.133,89.236
21,45.023,87.164
18,47.119,84.223
22,42.138,85.104
18,43.08,84.093
15,48.048,81.086
18,48.081,88.139
18,50.08,90.233
10,49.117,68.172
13,63.182,100.22
20,41.018,85.12
21,47.074,90.123
16,52.156,87.121
19,51.093,96.127
21,41.065,78.143
16,59.088,102.27
26,38.023,83.097
19,44.152,85.13
24,41.153,87.114
20,44.045,79.109
26,34.023,83.177
22,45.223,86.264
21,47.071,84.27
15,47.041,75.355
21,50.046,110.32
48,41.192,90.457
26,46.073,107.21
26,42.043,99.223
17,48.081,85.117
16,45.012,78.171
16,50.022,84.138
21,40.054,89.139
19,44.175,78.223
19,44.094,79.216
23,43.049,90.212
17,46.076,80.125
22,45.099,91.447
20,45.132,84.278
19,43.151,77.246
29,39.037,95.305
25,41.138,93.281
18,45.127,88.19
19,40.1,77.218
27,35.074,79.15
12,53.063,84.157
19,45.056,84.161
21,42.019,82.389
20,49.102,93.181
24,40.102,94.216
18,49.15,88.222
21,58.199,113.41
38,37.038,124.27
19,39.028,70.041
24,40.194,86.198
17,51.136,86.207
21,35.094,75.14
27,40.075,90.173
30,41.007,107.25
23,44.11,89.154
17,44.197,81.066
28,40.087,99.158
28,39.047,89.145
22,40.027,79.227
19,44.036,82.129
22,39.064,87.061
21,47.245,92.359
18,43.026,79.251
22,40.171,84.194
18,52.29,98.169
20,53.039,99.168
23,53.028,125.22
23,41.033,88.284
22,43.035,87.206
14,51.032,86.149
18,36.012,74.063
15,49.02,85.192
22,47.123,93.425
31,38.132,104.13
12,57.044,92.156
20,49.119,88.205
18,48.163,89.087
20,48.075,87.122
25,50.145,106.15
17,55.116,93.226
21,41.078,78.193
17,48.039,79.127
24,38.031,78.142
23,43.031,85.181
26,39.035,85.116
15,51.082,87.098
27,36.05,83.114
22,36.051,78.197
22,43.098,97.161
24,44.147,96.067
20,48.084,94.109
22,39.07,82.116
21,42.115,77.131
24,43.018,88.172
18,44.062,83.211
23,44.039,91.17
22,42.087,80.203
24,42.102,95.176
20,51.036,93.128
24,46.192,90.157
22,40.025,88.376
26,42.021,94.17
13,46.041,76.039
16,51.103,88.125
17,45.13,78.265
19,43.16,82.171
17,47.081,87.11
17,51.08,88.247
25,38.116,87.041
20,41.098,81.133
24,45.033,91.175
20,43.082,86.1
22,37.076,84.119
23,51.084,105.2
32,41.034,85.085
19,43.066,70.049
14,45.09,72.049
22,49.058,94.183
17,32.028,57.042
11,51.014,76.063
34,38.195,114.26
22,43.043,87.097
14,55.098,87.185
19,56.125,102.2
23,45.073,86.207
18,44.031,74.244
17,49.082,91.145
22,45.13,91.203
15,51.07,82.08
23,47.083,101.19
18,51.137,103.2
21,45.075,89.22
19,44.127,80.313
22,40.146,80.141
18,43.024,80.254
20,41.033,81.202
17,48.077,84.24
20,43.036,83.217
22,46.062,88.351
21,47.13,90.168
16,47.07,86.099
22,42.103,77.13
24,41.087,88.144
19,46.023,84.189
15,41.141,75.055
12,52.132,80.106
14,52.118,81.163
23,40.016,91.376
24,40.053,95.345
21,43.023,84.363
20,51.075,96.194
18,49.03,88.078
21,34.014,73.059
23,36.056,75.268
18,42.032,78.133
25,47.075,102.1
21,40.035,77.133
22,39.076,85.254
22,43.105,82.18
17,49.025,85.244
32,41.058,109.34
24,42.136,93.244
21,44.066,85.251
18,42.019,70.195
16,48.097,86.477
21,41.078,84.095
21,44.014,82.159
24,40.025,91.153
18,44.024,72.07
18,44.173,79.128
16,48.185,78.065
21,43.023,85.254
27,41.043,91.195
21,46.147,89.379
17,53.081,94.194
18,34.009,69.036
22,39.054,80.27
16,54.149,89.067
10,31.089,46.069
19,44.013,76.114
15,58.04,98.25
18,40.071,77.102
23,40.113,84.159
21,39.087,76.092
16,55.034,91.17
16,50.144,90.439
19,43.038,81.28
23,47.063,100.17
21,41.029,74.051
19,51.081,100.21
26,43.151,96.203
15,52.051,84.276
19,47.073,87.241
25,37.152,89.233
20,47.022,92.107
22,51.176,108.07
20,58.062,110.21
24,37.087,81.079
16,45.084,78.116
26,39.264,85.141
32,44.214,121.23
17,51.171,83.357
18,46.056,84.163
14,56.109,101.24
13,48.098,80.096
18,49.037,85.148
16,51.029,87.139
15,42.026,77.115
21,48.025,98.186
22,50.063,101.3
15,47.093,82.16
17,41.159,75.119
19,43.199,75.17
17,43.102,84.118
15,47.078,78.181
11,60.1,93.226
25,48.134,109.33
19,41.096,80.17
21,43.119,83.132
21,47.043,86.031
23,43.078,85.181
15,48.169,76.156
16,48.098,74.055
25,47.085,105.16
22,46.115,90.249
17,56.105,96.133
21,50.173,97.213
13,49.103,65.186
20,52.042,96.181
18,47.045,82.097
22,42.06,87.202
20,47.144,94.198
15,52.076,86.145
21,42.042,87.095
19,38.074,71.063
19,40.053,81.124
24,46.063,96.205
20,43.044,82.148
14,45.089,70.102
22,44.116,91.208
25,42.066,95.205
22,41.277,90.286
31,45.041,118.33
25,39.147,86.07
25,39.162,90.128
22,46.015,88.238
22,40.061,84.198
16,45.03,77.079
19,54.079,101.03
20,49.171,88.219
16,47.044,81.115
21,44.212,86.39
17,48.101,87.153
18,51.086,98.28
12,54.12,81.148
14,47.071,78.096
25,46.038,97.249
23,42.143,86.125
22,41.125,84.167
28,40.029,101.11
22,48.16,93.102
21,42.168,87.235
21,42.151,81.188
19,44.092,87.058
18,41.185,73.31
21,44.138,85.125
24,41.186,92.104
21,42.138,87.211
19,44.063,74.218
29,35.08,87.111
19,40.194,69.245
23,42.251,90.258
23,46.029,93.127
20,43.044,83.052
14,54.069,90.226
18,43.038,75.182
19,45.024,90.187
12,47.121,74.326
22,41.014,90.141
22,47.083,102.23
23,32.082,78.38
17,50.053,89.199
28,41.09,91.166
20,50.095,91.198
17,54.088,88.153
17,47.277,83.192
19,47.175,85.394
31,38.105,98.329
19,45.081,86.098
22,45.062,94.254
22,45.073,87.126
15,62.102,98.179
16,50.072,85.16
26,42.148,96.328
27,35.119,80.124
20,51.093,99.231
13,63.119,98.338
18,39.031,71.119
17,42.09,76.179
22,39.133,81.069
21,48.111,93.211
25,51.055,101.34
24,43.061,85.112
16,50.041,82.207
20,39.096,89.28
19,49.019,100.05
16,46.137,82.113
16,52.064,89.252
20,37.014,79.124
18,42.07,75.125
20,43.049,84.184
16,52.149,90.317
19,45.197,87.225
20,42.142,79.09
19,45.158,80.319
23,37.04,86.257
12,59.057,90.241
17,46.044,77.163
16,48.143,87.159
20,44.053,84.233
25,47.136,106.2
25,41.108,94.173
23,40.119,85.389
23,37.038,72.23
19,43.068,80.258
22,38.056,84.215
19,42.013,77.262
26,38.103,87.118
30,40.018,96.285
17,48.164,87.203
27,43.099,90.094
19,40.157,81.251
20,48.051,92.219
33,40.062,96.255
16,50.047,87.202
21,52.08,103.31
19,39.022,81.102
25,39.017,84.236
22,45.141,90.27
26,45.088,99.355
18,50.05,96.14
20,44.039,80.294
17,55.223,99.252
21,46.102,88.345
23,39.283,89.289
14,45.138,79.368
24,45.077,101.31
22,42.038,87.22
21,45.112,85.138
20,37.069,71.18
22,48.165,98.205
24,45.137,102.22
22,49.069,94.317
24,45.227,92.207
25,51.161,115.27
24,46.067,99.261
10,59.176,79.167
20,41.044,78.092
23,42.09,90.147
20,39.018,79.259
19,42.054,84.227
20,46.073,85.282
21,42.014,84.163
23,41.06,91.112
20,34.084,67.39
19,49.095,101.33
25,43.059,98.223
18,48.215,83.14
22,41.02,82.175
17,51.13,87.143
36,39.189,109.13
16,40.106,69.098
18,44.153,81.165
19,50.224,100.14
20,51.057,97.098
20,50.157,95.111
19,54.09,97.246
20,42.051,81.114
22,41.044,78.108
18,47.313,83.285
20,42.038,80.148
25,37.196,77.294
21,46.109,92.115
23,53.045,112.26
24,38.022,80.08
29,45.129,77.203
18,45.025,77.263
19,42.089,86.129
31,45.185,120.42
17,49.032,84.236
20,43.022,94.131
19,48.107,92.198
32,43.024,125.22
18,57.108,102.23
21,44.152,83.126
21,44.065,83.27
27,40.028,93.311
16,49.279,81.258
23,46.045,94.215
13,63.121,95.058
21,40.099,77.081
22,38.086,85.122
22,38.089,86.144
15,65.024,105.23
24,44.043,93.318
17,42.071,77.103
26,38.042,98.203
20,42.05,85.129
23,41.107,85.161
20,41.071,79.109
20,52.047,98.175
21,44.122,92.263
23,40.122,79.271
22,37.029,73.196
24,36.047,81.07
20,59.126,106.23
21,40.028,77.263
27,46.008,108.26
19,45.071,82.224
20,41.089,77.142
21,46.148,93.204
27,35.029,77.142
16,47.184,72.213
17,51.067,90.207
23,40.131,85.083
29,36.129,87.313
23,33.156,76.089
22,43.075,91.216
19,40.073,77.162
16,46.078,82.155
20,46.16,86.27
10,50.065,68.083
17,50.243,89.189
17,47.046,85.376
25,43.154,100.14
18,47.059,82.262
26,41.042,93.128
19,43.046,90.147
17,41.052,74.135
21,46.066,89.315
15,47.079,83.091
23,47.093,95.305
20,39.008,75.091
29,39.043,93.236
18,45.051,79.222
23,49.027,106.13
24,30.162,68.135
20,46.026,82.135
24,40.108,98.326
22,45.138,90.285
23,44.182,92.111
37,43.035,148.49
23,44.066,86.177
20,44.025,83.168
19,41.028,77.097
24,43.059,93.341
18,41.085,75.081
24,43.105,95.195
16,49.03,79.129
19,43.033,82.166
31,36.106,96.241
17,52.132,92.344
20,47.024,91.191
21,39.031,83.193
17,45.159,79.149
18,45.053,81.249
41,38.052,148.28
16,39.018,66.054
21,53.161,102.36
18,49.025,92.17
26,45.086,106.1
24,42.043,93.123
25,49.085,88.256
15,55.231,91.086
13,54.125,85.152
21,38.05,77.095
28,39.195,92.261
17,52.087,87.138
22,48.103,95.279
21,46.175,86.291
15,62.128,103.17
21,49.163,94.326
19,46.047,80.1
20,46.079,90.308
19,46.053,95.1
21,46.136,88.134
18,47.065,85.146
24,41.076,87.057
17,43.085,79.163
21,47.084,96.231
14,47.127,75.168
16,38.069,67.092
19,50.061,89.07
25,41.051,90.108
19,45.136,78.242
13,67.189,103.24
23,46.065,98.121
17,44.049,79.141
18,46.053,84.229
17,48.038,87.062
14,50.015,75.148
26,39.021,93.249
17,50.064,89.116
17,46.168,81.112
16,42.063,74.096
23,39.012,83.233
23,44.077,89.192
31,40.203,93.116
21,45.077,81.154
18,40.041,74.252
26,43.104,99.354
20,39.039,78.063
19,43.118,83.388
21,39.127,87.145
20,45.145,87.266
19,50.1,97.179
18,46.029,79.147
18,57.062,101.21
10,66.212,83.083
23,51.088,83.073
19,47.113,83.245
24,40.024,83.129
32,36.051,94.323
25,43.066,88.135
17,44.065,82.236
16,46.289,78.319
20,42.018,82.249
19,49.08,91.288
23,39.034,83.323
21,44.007,85.227
19,41.146,82.215
18,42.031,72.13
20,42.05,79.179
12,61.071,91.376
19,42.19,80.198
23,40.053,76.075
27,40.119,95.225
19,54.062,102.14
21,42.088,83.259
18,41.123,73.187
17,55.104,95.201
18,49.09,86.102
18,42.157,77.283
23,44.05,86.233
22,42.045,82.192
20,45.113,82.195
23,37.053,79.148
18,44.114,73.126
22,41.114,82.191
21,42.037,83.081
17,44.041,78.069
17,47.061,85.242
23,48.038,102.21
21,45.026,85.334
16,63.141,105.31
20,42.078,83.102
27,42.157,95.407
19,46.104,86.118
24,56.093,96.222
15,44.053,71.134
25,42.079,97.299
20,42.016,85.13
20,39.092,77.178
19,42.137,81.117
24,43.061,91.17
17,53.105,90.236
22,39.016,75.124
26,39.016,80.094
24,36.097,78.164
13,51.058,79.157
21,49.103,97.234
20,43.211,81.271
19,47.107,90.194
20,46.029,83.238
23,29.037,69.129
21,42.026,83.267
20,47.025,92.19
20,41.132,77.111
26,36.147,82.378
18,45.269,79.476
23,47.101,97.181
27,34.057,91.201
19,67.088,116.22
24,39.091,89.22
21,43.08,78.109
13,45.063,74.121
16,51.115,84.223
19,41.036,75.314
19,48.037,90.342
31,40.181,100.22
19,43.178,82.202
22,42.128,89.299
18,41.146,79.085
17,61.045,107.19
21,37.137,80.117
21,46.161,87.158
25,40.065,81.197
22,41.098,79.087
14,67.066,108.13
22,40.021,82.16
24,44.122,92.23
18,50.03,91.126
