1.329509159018655406e+00
2.121940665750304156e+00
9.215268450172259262e-01
1.598182418733705701e+00
2.714807323593770860e-01
4.836505513543332135e-01
1.798161691261568329e+00
1.776038507609130512e+00
8.725365228858861233e-01
1.905117465925586506e+00
1.048445479889013487e+00
1.904500069793587658e+00
1.642212964815663145e+00
9.272484524717738985e-01
2.806476476559120581e+00
3.587571704989817034e-01
1.179988195279885188e+00
1.454365726725512342e+00
1.640631660961144433e+00
1.896853235387229830e+00
3.026783892691198297e-01
1.280202821209064812e+00
2.332987418680694702e+00
6.188205401331814404e-01
1.714922285748854858e+00
2.628495366137065137e+00
1.472721696382556233e-01
5.850149412164046270e-01
7.001897237369353322e-01
1.085426959681043968e+00
9.827380831982029941e-01
2.938151740781103083e-01
1.849457930951796225e+00
1.283404244275935246e+00
1.471405334863093550e+00
1.259109830900698723e+00
9.252481438445470108e-01
1.825574942137829115e+00
1.573439295155110607e+00
2.939428571206068153e+00
7.058673528622250171e-01
1.301540487093131304e+00
9.694043318767281425e-01
9.149397991525970442e-01
1.499959886033821022e+00
9.894478423853703131e-01
3.671363892047373234e+00
9.943348073569857615e-01
9.683325799261555122e-01
1.768393768019318024e+00
1.019212443864905726e+00
1.256465023326485575e+00
9.554545091992683314e-01
2.890753132564011230e-01
6.946924692889150377e-01
1.025680429962644302e+00
1.891714360100306802e+00
2.923307333444098433e+00
1.614093819366577698e+00
9.487737959649239494e-01
1.566786260482528892e+00
8.816774059323090329e-01
9.683288481870777620e-01
1.807517629956585381e+00
1.338031071012730333e+00
2.355720928204609432e+00
5.253391384132044539e-01
1.152327381847229493e+00
1.201141856344350334e+00
1.110717065005216053e+00
6.465020438882573828e-01
2.921917593323275497e-02
1.956249774384299922e-01
9.811016755300872028e-01
1.230672756344507457e+00
1.827410706940425511e+00
1.835967888371281553e+00
1.314340309737325185e+00
1.598216110558800640e+00
7.095535718016715565e-01
1.177786130432717515e+00
1.782154311646319655e+00
1.688613652085208638e+00
3.137406365393702323e-01
6.470544754845553026e-01
6.141860123856202058e-01
6.420047847378851369e-01
1.227379234361943183e+00
4.165423522878175522e-01
1.230720547462260672e+00
1.084520039979955941e+00
9.470169622398316722e-01
2.175771628333099450e+00
1.064935104553450973e+00
8.783428023685130315e-01
2.214646972741891151e+00
1.544691566488188839e+00
1.839633976924565095e+00
7.496746784666552532e-01
2.192253515479870352e+00
1.358486307405868398e+00
7.271841130035344714e-01
1.851807249193251792e+00
3.816687024826348473e-01
1.817649355731163929e+00
1.124027807842628013e+00
1.820495050434128848e+00
1.059756161207872083e+00
1.502810495814460579e+00
1.828858009615241809e+00
1.324788170643291796e+00
1.621418945757828300e+00
2.029794847785228562e+00
9.861354171147512782e-01
1.818578936176817873e+00
1.491963987102068456e+00
2.102752394995158980e+00
1.679084795431754484e+00
6.906188305087102020e-01
1.632465600724040566e+00
1.612930064051618206e+00
9.814735629698950747e-01
1.131398702247347732e+00
1.185925085764001352e+00
1.971635595153841125e+00
1.883607333276345885e+00
1.469757535674320881e+00
8.720114022793379327e-01
1.319894165388065144e+00
1.887412134853421630e+00
6.034544017683113326e-01
7.878758148447723153e-01
1.162619881590811310e+00
1.133475668897773847e+00
2.311841744468938753e+00
1.176961638337870042e+00
9.237934760213695196e-01
5.962867044351155554e-01
1.347139328618229381e+00
2.163329745035667884e+00
1.906167351047036718e+00
2.132359470056869100e+00
1.315787249074316545e+00
7.423197947321902301e-01
6.499437125099927215e-01
1.750336794836413468e+00
2.219718182953016594e+00
2.035691378613717184e+00
1.337401969337721486e+00
2.145829565969031627e+00
2.094144547486764374e+00
1.152558293172225579e+00
1.172462770548310829e+00
2.316339927181457981e+00
7.680446784073091671e-01
2.122451942944920678e+00
1.503253120071741833e+00
9.511706365710681510e-01
6.569515248811336194e-01
1.522422269564738695e+00
1.058640629379221654e+00
2.951706978851129648e+00
2.382653762153980281e+00
9.584387668537858174e-01
1.960514767685808124e+00
3.180455547254817938e-01
1.278445172339725655e+00
9.454294234613008774e-01
1.445185524015134559e+00
1.660334954776363947e+00
1.295564335622683139e+00
2.517845521191519165e+00
9.129552879970009860e-01
1.594080315628943367e+00
9.297168912423453557e-01
1.091126326202511709e+00
8.293531229280387551e-01
1.918642511963723596e+00
7.414957141734179746e-01
2.497707998360220394e+00
4.980173522527348018e-01
2.052893107725008992e+00
7.489739794862670941e-01
1.018524327818377540e+00
1.238624980148850252e+00
1.364694666020199731e+00
1.100058433513484868e+00
1.643784026897646688e+00
1.230246591113608012e+00
2.401347746597994437e+00
1.012763246862157240e+00
1.716551005644342265e+00
1.119206523979584533e+00
7.497313400984118026e-01
2.956091386534270837e-01
1.722446116260188287e+00
1.028000386217083229e+00
4.911465318474850239e-01
9.980288586452518151e-01
1.857246334069857507e+00
1.837614377667414756e+00
3.477098137848944059e-01
9.205112026299538952e-01
2.431830868952737923e+00
1.707794354116051849e+00
1.097439981038804691e+00
1.354169893615363440e+00
1.289519363679564323e+00
1.259175059504586969e+00
1.058124662999055499e+00
3.203207015413661596e-01
1.368437226832893039e+00
1.311534294941255618e+00
2.249903422485126647e+00
2.577258375309453342e+00
1.533150787345290977e+00
8.922150326707178891e-01
1.228035107594822595e+00
2.890766746590867076e-01
2.630474626100814950e-01
2.394751892068947452e+00
4.661350731768237887e-01
1.874883975224471033e+00
2.949887039567493652e+00
5.595062239865744580e-01
5.544192498699129779e-01
1.854395358935170712e+00
1.742807962674790989e+00
5.183118259367930358e-01
1.556712317143821300e+00
1.906194147206637934e+00
1.262407403573561071e+00
1.206192724224541379e+00
9.410097012668994232e-01
4.732270598258825345e-01
4.625507096905440152e-01
1.727006293429200756e+00
2.670611339016859986e+00
1.803147875759438801e+00
1.645104285786456622e+00
7.051293587856455325e-01
4.759514506792322797e-01
1.120164152451594841e+00
3.724468624778948245e-01
2.211275342529522847e-01
1.270408079315281213e+00
1.325867762484691070e+00
1.641802320168811447e+00
1.704626686183928763e+00
1.894563247934985650e+00
2.018208016511806591e+00
2.215735782853137437e+00
1.965202811704219066e+00
1.434440160583778212e+00
1.642096505665314732e+00
8.793030320201050687e-01
1.494935536417694610e+00
1.102876719092219515e+00
3.189026167897207609e-01
2.080875757305771234e+00
2.336885256631045849e+00
3.989526580083690988e-01
1.546009899088305328e+00
3.612046159178511351e-01
8.624746937535066049e-01
1.032573936565749362e+00
6.422410131217742846e-01
1.245599146905631560e+00
1.300325416604656281e+00
2.146345277633309845e+00
4.808717163634801395e-01
1.075355816032051326e+00
1.106965167805504358e+00
1.384410146249752227e+00
3.249788191996272335e-01
1.501664997509479793e+00
5.975972185004124748e-01
1.143676053881730326e+00
2.685851659645880574e+00
1.276337383579694951e+00
1.072962229031866777e+00
6.846334854016949967e-01
9.854945067435366690e-01
9.831246706910007349e-01
1.981448632467583959e+00
3.060954685643721973e+00
5.223714378273680570e-01
1.126273280876141092e+00
1.363657918731655982e+00
1.255650106745944683e+00
1.246330865282756051e+00
8.573071398562970291e-01
1.715589345396698606e+00
1.262770277858916046e+00
1.851252686083733057e+00
1.465457106047828306e+00
1.817667832388213389e+00
7.331163033596088674e-01
1.411010122412064582e+00
1.355781916433305145e+00
2.634951732394908319e+00
7.218030645517847788e-01
5.825885911905326342e-01
1.148903593455335992e-01
1.494667352093726365e+00
1.103587410160264959e+00
1.108233413220016672e-01
4.015749962781650639e-01
9.241056485226484263e-01
9.971653023791915427e-01
7.711292257765645086e-01
1.002486424826407596e+00
1.445070958054041732e+00
8.390372025162184944e-01
1.256394729794835241e+00
2.498623767101863624e+00
1.020783511154858658e+00
1.213903090281109876e+00
6.445519211719974439e-01
3.134923095401744852e+00
7.628729433996167542e-01
1.057988326881559971e+00
8.241501669757067550e-01
9.571820917315676525e-01
2.464778165661168252e+00
1.359495922446118943e+00
1.829378365393852679e+00
2.502918491761092490e+00
1.029745368837952757e+00
9.525204456768615602e-01
1.574177021169238078e+00
8.928895409942277928e-01
9.560864788471962195e-01
7.302917779886664018e-01
2.146958834671220728e+00
8.649027885537036164e-01
1.672287130447250858e+00
8.744052306317706691e-01
1.305497782849831090e+00
2.759808300875036924e+00
1.296300804553857766e+00
1.534316328340978863e+00
1.135772491582303090e+00
2.443189704326774958e+00
2.616103679830672490e-01
9.769623943535937771e-01
6.722608479117764269e-01
7.236883320050047086e-01
5.078407570538662208e-01
8.020072729338284523e-01
6.867264404963496771e-01
1.475110427621222797e+00
1.450064380501681516e+00
1.301820537857045323e+00
7.775307568977612993e-01
8.240413690477299546e-01
1.530938823377520075e+00
9.795862237336000478e-01
1.728783131795476713e+00
1.196779370398704412e+00
4.324830303293319966e-01
6.571859339073332640e-01
1.806796255974766341e+00
1.124415399719266961e+00
7.181973738176322675e-01
1.817939517949421768e+00
1.737279228241881857e+00
2.111861406384098583e+00
1.347387849837243134e+00
4.740098067899328749e-01
1.274755046097507671e+00
1.118617098556604628e+00
2.010289427830660447e+00
3.020367593355555158e+00
1.049940522049104707e+00
2.720347397392336442e-01
9.890577599806776865e-01
1.180562341797049442e+00
2.215143407269092535e+00
2.323222956611274093e+00
1.300620911906468891e+00
5.992516886956272826e-01
1.432998101370811517e+00
1.639911626082973140e+00
1.294287954177421707e+00
1.689956989670807097e+00
2.147495702859876232e+00
1.702490910121817080e+00
1.686730464720325173e+00
1.970776239953895725e+00
1.023025601554283792e+00
1.097359452013066949e+00
2.005296427670804960e+00
1.007366611516017363e+00
1.704083480007878570e+00
2.470963129119787105e+00
1.035019656118703502e+00
1.846050758991882867e+00
8.388223956920204394e-01
1.760572898959286814e+00
1.755953957140373056e+00
1.586568026538144327e+00
1.157154770446309655e+00
1.888522824136292799e+00
8.334091469331700308e-01
2.104356156423253132e+00
1.477947992290851165e-01
3.420098449315722711e-01
8.051439348868372203e-01
1.906690661443468215e+00
1.113536443306533119e+00
1.807993999295825382e+00
1.087488311196839863e+00
2.375234865214618019e+00
1.541230830146750330e-01
3.694719181886063630e-01
6.755875948806328024e-01
5.028324219988972166e-01
1.595722162610259121e+00
1.112811698259242199e+00
1.908039173927036813e+00
1.115001540997824669e+00
4.384339406748799517e-01
1.243518474212837344e+00
1.337013971954519320e+00
1.771074570164579587e+00
3.996146162381147837e-01
1.553587253645229538e+00
2.272054806698165841e+00
1.793958989245409974e+00
1.390955394081875962e+00
6.594743354353754805e-01
4.376212298181925142e-01
1.402054720465460980e+00
8.188724142291314845e-01
7.069503506823532346e-01
2.193070642326406805e+00
1.402776930653854004e+00
1.773279000891289758e+00
1.569007882212055005e+00
1.079105224645196426e+00
1.014254971648667514e+00
1.795567132488260498e+00
1.281815347876478661e+00
1.011554158567027795e+00
1.193540495137843216e+00
1.165909613326423955e+00
2.426780117140552306e+00
1.487865707660302572e+00
1.001243164574304068e+00
1.221721545820387833e+00
9.657401191924147588e-01
1.421212092287913897e+00
8.485039170117331109e-01
1.496197396503511357e+00
1.899487906705932705e+00
7.116680551097281926e-01
8.837328426806340120e-01
1.860602010848716459e+00
4.399066292451969673e-01
1.492109613935830303e+00
1.640673187623722828e+00
9.270886147004753219e-01
7.209702980384918858e-01
1.615916141417522045e+00
5.295344787205952253e-01
1.762794241672148043e+00
3.248982383555548914e+00
1.562676995367941579e+00
1.929606360314216618e+00
1.117508314697547300e+00
1.369788574539128501e+00
1.674787691976195703e+00
6.656332170923157099e-01
1.902052552312607059e+00
1.343094209097283720e+00
1.280121409904467100e+00
1.045541958969438578e+00
1.182174888269036384e+00
1.135123975124352924e+00
6.527118363457229400e-01
2.702099616623115708e+00
8.596560496718447242e-01
7.319542629815117829e-01
3.817883732058208190e-01
3.557637606282643139e-01
1.077749865577008581e+00
2.272532539426392884e+00
1.795129109567016323e+00
1.427249942159465323e+00
1.928048670715648560e-01
2.134424309125226848e+00
5.702368962908810346e-01
8.305439809081305302e-01
8.608120534981333893e-01
1.641662890451624612e+00
9.466543577444519464e-01
1.116203637271317550e+00
2.500937844862925363e+00
1.539428627963073115e+00
1.221391222597203452e+00
5.940883623116371970e-01
1.530948332364522990e+00
1.410768496305276898e+00
1.993056281031312382e+00
9.813339899515921561e-01
1.441481565483682559e+00
1.697307926006994094e+00
2.055074734356082011e+00
2.401941398341048028e+00
1.573534683336574425e+00
7.594671213827508538e-01
1.183303756635695869e+00
1.925400858989498420e+00
8.722304904277861093e-01
1.622830004825079442e+00
1.098490655906747993e+00
1.239204798507261174e+00
5.011846474754094727e-01
1.804284277279104565e+00
1.094996391480221209e+00
1.691266037972528613e+00
1.051858675017875555e+00
1.218784005523352754e+00
5.494951334148528987e-01
2.164862474974396989e+00
6.348741441372268701e-01
1.671472752128974726e+00
6.232053391318276292e-01
2.294553123167443864e+00
1.545842726280363788e+00
7.528184011752292459e-01
1.596943126166138205e+00
7.111630978888860977e-01
7.305359318201137819e-01
1.594193841087432340e-01
2.133152006233855147e+00
1.050406213513740417e+00
1.438536532743087015e+00
5.589026911535194264e-01
1.719229314869064051e-01
6.873874152138587101e-01
5.264815538583628163e-01
3.000651095244418975e+00
1.341874794463475240e+00
4.293997765320012316e-01
7.548210953070999540e-01
8.056021592376155782e-01
3.646869178113787413e-01
8.279531667719380872e-01
5.632950372639711212e-01
1.550458402100066024e+00
2.371513969504811747e+00
8.199218354792303654e-01
3.488498838980241823e-01
1.222432595842514846e+00
1.239794084519028505e+00
1.072263599571818826e+00
6.094426178946488193e-01
1.811960206046238087e+00
3.120638269861619740e-01
1.100899981678853390e+00
4.968767783564798091e-01
1.426224671608766759e-01
2.032658273994531584e+00
1.721545487932547580e+00
2.046590538415962168e+00
1.431054163020355929e+00
1.923201700242131551e+00
1.112194468264886993e+00
8.962694008675536894e-01
1.503949284262321440e+00
2.155935177319737051e+00
3.265393375598402148e-01
5.143350949534403194e-01
7.483762388264031395e-01
8.306964414174078382e-01
1.300702373506629206e+00
6.543876496141914911e-01
1.301322140503922142e+00
2.378879525032975284e+00
1.278152937049913396e+00
1.388166957247447542e+00
4.070744637534068344e-01
4.692527602649931850e-01
7.726660387930595064e-01
2.328671065692692999e+00
8.685257116585665127e-01
2.402909626417627287e+00
1.008573800186948866e+00
1.936820428031759800e+00
1.086419907151335185e+00
6.171647255618861738e-02
9.060407314018065206e-01
9.017412377851435901e-01
7.832800772310311022e-01
1.405951709295038654e+00
1.349791113368039586e+00
1.008227031040271449e+00
8.951464095973388213e-01
1.143003409703253759e+00
1.751413110268204010e+00
2.430106778228735998e+00
1.006484761554513607e+00
1.943318612551995894e+00
1.183637903917035272e+00
2.410670606095015600e+00
1.118599966367057608e+00
6.462690036490364998e-01
2.131117468761549727e+00
1.090272891263732724e+00
4.539425366785204696e-01
1.400804585283207393e+00
5.121893262116999912e-01
1.124933525991148597e+00
1.453061913509196001e+00
1.251183153276372195e+00
1.934070087213962674e+00
5.814104636083816668e-01
9.105454911204202695e-01
6.211619480684521521e-01
7.010459190576073807e-01
1.405213290651532443e+00
7.643576864939627402e-01
8.261943258266007950e-01
9.956011439230089133e-01
1.041183338930132818e+00
2.383745429610092614e+00
1.330535750554775021e+00
1.358448196636707905e+00
1.299022734754730735e+00
2.504098150969299219e+00
8.789126736497870906e-01
2.446699488589398008e+00
1.147828573714899658e+00
1.546977592381901800e+00
1.301112324447548207e+00
1.838792780451447006e+00
1.831880312266242594e+00
1.542912654203361100e+00
1.203685473242659842e+00
3.165410147364827065e+00
4.380007013777026392e-01
2.151631139521608116e+00
2.428694978738587196e+00
1.514490020936589243e+00
7.575785801669399078e-01
6.103643418238002827e-01
1.315830879785006013e+00
2.242275831826943566e+00
1.697356041740751387e+00
8.890430362930479280e-01
1.069753482561817570e+00
2.295747855346601973e+00
1.127542051402462553e+00
1.810161645036747924e+00
1.563429161826288993e+00
8.183719821361168378e-01
7.128047204045556695e-01
2.736613202889803809e-01
1.004002335121918499e+00
1.212336831729604603e+00
1.509034772443972994e+00
1.686931152062324912e+00
9.979499715578243890e-01
1.696145825091751602e+00
1.510540729530476689e+00
2.019480741838140414e+00
1.476103596768141291e+00
1.288572076747368511e+00
6.272809683628916000e-01
1.210425829403117159e+00
5.909017007597322513e-01
1.659180884158683700e+00
1.706329841024373906e+00
7.640885122929391704e-01
1.706585964609329542e+00
2.032051185752099531e+00
3.324134824054169712e+00
2.138536868627381793e+00
1.821348974613196114e-01
2.249182539189229502e+00
1.674072134109660936e-01
1.054997849776347918e+00
8.252736099018592730e-01
1.752601389609838023e+00
1.107882640144820519e+00
5.374423280490842059e-01
2.136452498810590850e+00
1.126868571233788918e+00
1.501866147616435665e+00
1.213996565842531128e+00
1.227879303124667087e+00
1.370853774429856564e+00
7.779594857721383594e-01
2.210887651849153812e+00
1.423603261044513069e+00
5.713465367761483282e-01
1.924966233865387899e+00
3.535043573253482396e-01
2.209961822192914038e+00
5.719616073887900942e-01
1.042615294899762457e+00
2.558591302215432961e+00
1.300834882816089166e+00
7.788516200009398815e-01
2.411635293916196243e+00
1.221619108727614478e+00
1.503432193462587829e+00
4.444479015265440092e-01
1.088937855399914056e+00
1.002631452879314544e+00
1.659084422277485871e+00
1.955129239757118942e+00
4.531909373485121240e-01
9.536053934723759395e-01
6.438292663133238225e-01
2.912247213890670761e+00
1.827110072309620747e+00
2.095430846339076503e+00
1.252579648157601255e+00
5.056758791010074194e-01
2.581284924837091044e+00
1.187591781963325266e+00
3.414278290812328143e-01
1.395277674937519530e+00
5.261743179878680676e-01
6.859728814569965305e-01
9.519519862563807777e-01
4.653326959078318836e-01
1.562696013425790120e+00
4.638470431215740986e-01
1.299260983702246186e+00
4.246423969571139212e-01
1.456126739495309685e+00
2.120212541222071811e-01
1.110547709278678630e+00
6.277475850593883244e-01
4.431769322914624887e-01
1.211765095510176637e+00
1.883172910735740224e+00
9.636647225726291399e-01
1.039315496348248713e+00
1.644061681095919658e+00
3.643499788551579632e-01
1.041739795691981607e+00
5.500187406206913376e-01
1.943812372061000104e+00
1.925599897855047704e+00
1.202915447016527750e+00
1.090580107847305413e+00
2.248580953070534072e+00
5.209554446293379604e-01
1.266381127131405160e+00
1.554972443364451840e+00
1.897545939956100103e+00
2.549199883123999921e+00
5.613139486968876657e-01
5.195955072149327503e-01
1.767795058731411295e+00
1.354842387124997494e+00
4.587782130099110622e-01
1.229082900497474595e+00
9.863953612040399221e-01
8.934440921444031236e-01
1.544329424136142714e-01
7.660195738837860535e-01
1.402738973751982421e+00
1.343207201259435379e+00
8.256585015850942399e-01
1.024090148030749159e+00
1.350571518548617789e+00
1.186733117981102925e+00
1.487726683828236141e+00
1.431534542603607907e+00
1.571182992945526768e+00
1.332733808933710407e+00
1.529761075192892505e+00
1.316068848153106874e+00
1.440541663762344715e+00
1.356924591038551897e+00
2.141534770010726341e+00
1.143377444783437280e+00
1.922022357041954344e+00
1.430273703225699578e+00
1.573176576245593594e+00
7.424277964054998291e-01
2.181865267800699115e+00
1.829884989182283928e+00
1.528419073077722956e+00
2.116020482197221497e+00
1.510948981093926946e+00
6.726744345700574890e-01
1.796056053875556557e+00
7.234093100518373953e-01
1.805831951152823134e+00
1.586728933643579253e+00
1.758169522030819110e+00
6.871496657345249615e-01
1.958689787748857380e+00
2.246687683548311831e+00
9.536372535875969891e-01
2.458062999536348325e+00
1.900214242274428367e+00
1.752116808956269534e+00
2.242896641039085814e+00
1.819778895828545906e+00
7.695027847199148452e-01
5.617973676983467612e-01
6.904561961646582535e-01
1.628250138252624879e+00
5.185278373158869192e-01
1.754961974535809155e+00
9.664484488309882382e-01
8.506527519740159082e-01
4.497259250327989566e-01
1.406856153363392758e+00
5.097862392935931242e-01
1.228796926036807680e+00
9.875257060482045546e-01
1.330723865587186250e+00
2.541831817309257335e+00
8.127629719467255320e-01
5.475916234769750979e-01
8.906262847289975193e-01
1.291035473399692046e+00
1.979939671170949378e+00
4.146138716954606007e-01
2.221476228237731387e+00
1.936933400078272305e+00
5.450943645931877191e-01
1.053063866247704317e+00
9.595542987372923660e-01
4.605968701142093558e-01
1.116371088425090363e+00
3.763176207828800024e-01
2.803672888847569267e-01
1.840982095847609745e+00
1.431935065374072558e+00
1.224776579435832291e+00
2.440576978673041797e+00
1.642282986640936082e-01
1.107411863325772350e+00
1.489743950110562931e+00
5.452737309239508168e-01
8.510037771367778836e-01
6.051789833776155536e-01
2.224952068299139718e+00
4.674183875163340218e-01
2.039411147269438729e+00
6.787712418073232890e-01
1.000109557598339860e+00
1.346033467507860015e+00
8.951384544455665004e-01
1.226226533141793196e+00
5.796116173796234117e-01
1.142060099983342347e+00
7.122497327761667663e-01
2.604130873588934136e+00
1.827666454604926383e+00
7.357492683632327335e-01
5.162893927331002608e-01
2.972783242377451174e+00
1.967649422864991005e+00
1.310364449317643620e+00
5.767160286076822295e-01
1.100413441255413405e+00
9.989654888785243214e-01
8.398810017823576946e-01
2.184694800345921450e+00
2.059560430428764022e+00
2.437625913259345189e+00
1.180387568446887414e+00
1.037818244638699205e+00
1.329115936705789203e+00
1.792805547559586099e+00
1.941994982517762924e+00
1.389574658884649594e+00
1.086234312230018872e+00
9.911909269372776166e-01
5.727561510174405957e-01
1.346939251669300841e+00
6.212832917076888117e-01
1.574557648942133126e+00
1.759438659575571329e+00
1.982270870480670188e+00
1.980735107850403187e+00
1.271916086200290952e+00
1.852484684648988411e+00
1.046451309371322358e+00
5.686551658149691102e-01
1.334546536694217744e+00
1.409595741019558535e+00
1.673015508725747669e+00
2.276177857196338028e+00
1.233114017963769626e+00
1.391156650637841441e+00
7.696879715905480257e-01
1.778846779197398309e+00
2.564804312498149663e+00
1.356598978222067320e+00
2.740358533241700201e+00
1.558884649101863307e+00
1.223715496215174170e+00
1.656650718611996531e+00
2.548783233188856467e+00
1.933271093997479095e+00
9.299201960200231820e-01
1.037195491751550680e+00
6.930446300992398889e-01
9.507220335108540477e-01
1.273301312077964598e+00
8.334506614772924094e-01
1.455258611978901273e+00
1.951650621372309491e+00
2.859185823579308838e+00
1.488211585396709280e+00
8.887418169756439168e-01
8.126888140761712176e-01
5.976207609036193746e-01
7.301274745275349032e-01
2.667987336427252165e-01
1.453146708749600169e+00
7.010531081360399375e-01
1.795177176223321514e+00
1.675274667541862827e+00
4.890570242406505619e-01
1.190779913304305548e+00
1.250335771657873352e+00
2.525777092939936352e+00
1.432948906859042193e+00
7.641719144184250245e-01
6.097520332195405235e-01
1.108410398054669344e+00
1.300010901428263477e+00
9.635830460362299066e-01
1.271592060744519248e+00
1.043289539832118473e+00
1.617526965940690342e+00
2.657628960659974560e+00
7.275136801689824351e-01
2.126229481522848186e+00
4.501525365213993046e-01
1.429676975604843303e+00
7.044236843462126085e-01
1.109338263000581026e+00
1.238115139330381975e+00
2.643666806233058164e+00
6.648860226605585177e-01
1.163775957089118185e+00
5.373999399470208438e-01
5.068491165096272733e-01
7.626747201085454231e-01
3.429496187868869672e+00
4.605101530141786359e-01
1.253742789644037847e+00
6.362995498788415194e-01
1.376192055903392442e+00
1.234965021968251087e+00
1.939201470536057181e+00
1.157108479389027389e+00
2.108422024504234216e+00
7.900222762595465742e-01
1.570650324625629146e+00
8.858458644975175655e-01
7.011665649631881880e-01
1.278283676616326359e+00
6.355026847945682844e-01
1.653736582576585512e+00
1.561884213220591899e+00
8.699245573285840916e-01
1.519113795840954406e+00
5.365308956217434977e-01
8.053809593513078235e-01
1.621345780773766787e+00
1.820962585662141420e+00
8.682549521810678517e-01
9.225249966003129520e-01
1.931757391088591458e+00
1.053666905044487567e+00
6.701580766095399655e-01
6.246056253488518895e-01
7.794459344760629183e-01
2.820764255331109638e-01
1.586497834947704355e+00
1.374708184623527174e+00
1.155467560141226757e+00
1.517440086884640493e+00
1.643139913009115549e+00
1.782328491060501285e+00
8.275080143031615654e-01
1.386187825942856167e+00
2.345033944112975277e+00
1.014064726420606632e+00
1.130948539593314539e+00
1.096175313974303567e+00
1.969867518397053097e+00
1.636243021712819878e+00
1.613271255172309404e+00
5.500688045703172602e-01
1.510834172082784033e+00
1.640747434870333699e+00
2.835111865008643761e-01
1.793342809193557708e+00
1.230213535897124011e+00
1.461499020418711048e+00
5.182553017362429015e-01
6.103814254369943626e-01
1.774281960625803567e+00
2.538817644042057786e+00
5.019007585585316678e-01
2.206156146664951301e+00
1.361491145289951410e+00
6.954708279156018857e-01
1.100422196002885489e+00
5.650981393692305899e-01
1.132832008537382862e+00
8.719833886927724764e-01
1.764411324382444857e+00
2.136753589603274328e+00
1.699636510862771566e+00
2.066941760640432335e+00
9.903218607877278812e-01
1.833271943288890427e+00
5.394895962864865169e-01
2.899127080940213208e+00
8.433265418844493322e-01
1.689287038261433338e+00
2.369747961288132920e+00
2.023703714133573861e+00
2.113167269329911058e+00
1.716311407062697247e+00
1.131575762519112072e+00
1.107272765537085091e+00
1.226854656639353003e+00
5.973574753848526209e-01
1.626980434828619426e+00
8.062399645752998945e-01
1.257275878294640270e+00
7.213165563466977792e-01
6.706383314037228649e-01
1.224029186155607407e+00
1.105162187201848667e+00
1.770252175232320813e+00
5.730120266791494110e-01
9.150501702333369014e-01
2.287508833769973382e+00
2.448972966746960633e+00
1.307922442928620699e+00
5.217947936358113825e-01
1.926963501220865238e+00
1.478924099603653897e+00
1.850229548469262131e+00
1.707410816581340196e+00
1.794367251372295247e+00
1.518814990620617866e+00
1.005587293248132452e+00
3.237599310369804195e-01
1.034733764848685844e+00
1.027249267544868561e+00
3.729977253831756601e-01
1.846982345525497449e+00
1.252804870048778163e+00
4.666881071658673941e-01
1.281971151131301445e+00
8.093922344999937568e-01
5.851138453112036952e-01
2.311971152805814889e+00
1.899446218670309161e+00
2.066785406379503698e+00
1.189073861482315975e+00
1.304517121754362297e+00
1.777646527700577073e-01
2.474083426185355705e+00
1.248695312213078390e+00
7.201713347277860500e-01
5.329994235484281084e-01
1.602792266617784067e+00
1.531849245111571722e+00
4.790347033194536364e-01
1.335068086009363331e+00
1.544925346616729644e+00
1.236522447513749956e+00
1.048630372161845514e+00
1.264368880286978580e+00
1.274214418950387895e+00
1.337436366580035951e+00
1.948307057500398010e-01
5.671656877239783512e-01
6.356760522351018183e-01
3.906329672510749917e-01
5.695202590992620717e-01
1.474008445596456385e+00
1.087390517826013481e+00
1.181450686961858398e+00
9.082604596734672464e-01
2.070238713557357890e+00
1.255364997660753934e+00
7.780938528131670084e-01
5.357222774213599159e-01
9.310959305366334204e-01
7.678763038532998575e-01
1.549455593973053658e+00
1.110845039578299831e+00
1.526523372505429466e+00
9.979040493493984698e-01
1.618865353992426481e+00
5.092854319009371133e-01
5.045563487058690733e-01
2.073861446174800172e+00
8.933506224356602132e-01
1.785365524461586695e+00
3.691195400693775275e-01
7.620472697249552896e-01
1.209418281102965675e+00
1.205357736950003478e+00
1.601077381386415421e+00
1.383645609106388008e+00
1.765062541992157286e+00
1.051811093173006251e+00
3.578943089187567761e+00
1.115192287427686058e+00
8.571719780608111350e-01
8.753647791937679834e-01
2.107485335502941037e+00
1.063074192947884855e+00
1.180824028914080337e+00
8.977124231331778947e-01
1.703300093142496419e+00
1.567853917101297956e+00
1.689769770069480259e+00
1.159193780610666691e+00
8.171786950276366257e-01
1.417411377249760296e+00
1.882228775640281127e+00
2.770915266327704352e+00
2.160130329337663913e+00
1.652302733275614166e+00
1.052223383251683630e+00
1.812405008644172311e+00
2.066046853581375409e+00
1.476859261815262503e+00
1.482410418211242975e+00
6.783488460804276698e-01
2.113378126070084129e+00
2.336704913626835856e-01
2.570384862464847320e+00
2.037931037719855620e+00
1.983263003578886741e+00
1.792509130706378517e+00
4.076545970493838933e-01
1.091647458275646354e+00
1.502936854881170570e-01
1.550968228194917309e+00
1.943540319430661523e+00
1.063854332928051427e+00
8.419558152597589329e-01
1.768415567767214647e+00
1.541090607001595059e+00
1.418955292362266807e+00
1.171140719344959003e+00
1.150246750717768274e+00
1.402842184491182476e+00
1.532193115354896662e+00
1.704028547827763918e+00
1.349053212798372314e+00
2.355340328237267133e+00
1.137966227052872314e+00
6.824717377357109038e-01
3.278197208135903651e+00
2.033091587867529526e+00
1.013954955474043906e+00
1.244880442341089744e+00
6.554288490274290391e-01
1.511689953411754939e+00
1.781263513531497367e+00
2.409589448864692951e+00
1.212275581596489182e+00
3.725654222205232458e-01
2.152147645625779759e+00
1.545532912252691293e+00
7.022790666990519348e-02
2.108001755677669120e+00
7.750509063915933528e-01
6.927943274142661645e-01
9.043812306855819605e-01
2.012903391673979137e+00
1.281620045469806790e+00
1.282210544470833158e+00
2.666228186046232906e+00
1.605733571571180685e+00
3.121264151601105263e-01
2.359410754564338575e+00
1.684460611293272958e+00
1.453981478758867407e+00
8.273131799193550462e-01
5.963087600537869681e-01
1.212287992303056505e+00
5.884249592951434904e-01
2.158112627478112611e+00
2.818511570152265611e-01
1.291682782783121652e+00
1.891543140552471858e+00
1.278477417692813312e+00
8.240181157018311442e-01
1.181800519493656498e+00
2.138574030888995114e+00
1.210498798195885239e+00
8.986247385292167600e-01
4.158357118477251646e-01
1.520242929334769233e+00
1.368372209075340296e+00
6.317954003381959227e-01
3.355176300889883834e-01
2.241129268834629595e-02
1.098742649191606802e+00
4.014200883516388929e-01
1.849575710021143404e+00
2.246847473357526326e+00
1.253306311828781716e+00
1.073315213402994406e+00
8.979951642836153658e-01
1.957665424937757415e+00
3.664437594637948159e-01
1.947219448742243397e+00
1.277582389563962195e+00
1.251583717179614030e+00
9.497472532481060492e-01
1.408289061902150863e+00
1.442402281983244272e+00
1.586418279492420869e+00
1.504065366775583223e+00
2.682849873345527936e+00
2.299988243055631543e+00
1.194503476785456098e+00
5.280420116381051576e-01
9.286742156104804691e-01
1.388139439759789040e-01
2.272933401907946571e+00
1.161789921955308502e+00
1.910605723468485895e+00
1.814711982049640460e+00
1.001652163840753840e+00
1.696335344795402156e+00
1.401033192295532803e+00
1.584666012919315303e+00
2.580759206964461150e+00
1.813794896722946248e+00
1.414655534664961412e+00
9.689694236587192977e-01
1.124388884502704578e+00
6.601694851983030965e-01
1.499744129608615140e+00
6.917804274417715948e-01
2.789009195604913449e-01
8.653146972101372070e-01
1.550474229646444657e+00
9.703843164128833632e-01
9.375362870488274103e-01
5.497986143917366064e-01
1.723216461941443178e+00
1.125812024019716251e+00
2.258182571659604676e+00
1.320319408566020813e+00
1.344592428126017980e+00
1.286485685713238958e+00
1.080952489973489694e+00
7.614560141496456991e-01
8.330223669694231114e-01
2.771441335607682355e+00
1.798294507347502513e+00
1.545346964502258835e+00
2.229018221739011985e+00
2.035859295990820161e+00
9.788735923104530112e-01
8.905499695664331750e-01
1.394053464939475351e+00
1.295302259536505574e+00
2.026790258524027610e+00
5.037931425518338280e-01
1.060486860106729656e+00
7.470862677453199430e-01
1.398083250325783844e+00
6.050058155092158385e-01
4.924719316182651907e-01
7.794125035572746496e-01
2.029537666767586401e+00
1.225314196627587116e+00
1.248555605609397823e+00
8.249998696471955162e-01
1.845908673299880842e+00
1.553661226114988914e+00
3.009296397020475577e+00
1.906534348931548939e+00
1.790270764016134164e+00
3.368962387246776657e-01
7.124708813404528884e-01
2.332820434141533728e+00
3.530638766199328815e-01
8.267446395987726460e-01
4.334905591889942622e-01
9.228702050969461723e-01
1.196072244802746543e+00
9.094369631403309562e-01
1.200906000702193666e+00
1.668760872459029265e+00
6.237923067716405479e-01
2.330088856188143875e+00
1.666144346065663306e+00
2.238028219993810186e+00
1.899819265937831014e+00
1.276429987891908313e+00
1.770262063161431421e+00
1.741619894350515674e+00
7.493055928261449505e-01
2.107486638511272048e+00
1.423993086188777735e+00
1.115283795917486609e+00
7.852772242475997144e-01
2.908786458594814217e-01
2.759179860381407501e+00
1.191248432461416318e+00
1.159156798938257182e+00
1.206871950771737811e+00
9.015611736590389835e-01
1.265799909039255322e+00
1.354262295992073595e+00
9.309920546979227884e-01
1.029453725901791739e+00
1.326918690681437418e+00
5.801096050969012374e-01
1.997713428403252056e+00
1.860370282740489323e+00
5.913940252237986916e-01
9.041039638315756521e-01
2.268444100302002830e-01
1.740496522741830088e+00
2.082255007564959737e+00
1.407279209534352926e+00
1.919001173646202041e+00
6.951481420556493429e-01
2.691616241711403124e-01
5.524588867795943159e-01
1.297863221470347828e+00
4.906981306300284285e-01
9.038122213548338557e-01
8.502327204172999142e-01
1.921207845124451197e+00
7.227160789475817193e-01
8.420359045702274781e-01
1.347940201224606671e+00
2.332190892018526807e+00
4.436500947870669620e-01
5.490821154155917094e-01
1.658191226736915880e+00
2.065964302859282231e+00
1.008105327660347328e+00
4.337389796947804799e-01
1.824969943899057423e-01
7.823288282982326924e-01
4.880153159261618745e-01
2.327402376243181692e-01
9.270609456356510014e-01
5.165113772228752120e-01
6.756092390228413125e-01
3.030687353611384083e+00
1.154003163662123299e+00
1.824126002465465302e+00
1.182072644513938897e+00
4.863501441230122513e-01
2.072618396645260930e+00
1.101073656082546925e+00
9.874584556614801611e-01
1.773303096593198402e+00
8.175845268374193342e-01
4.970014371558278965e-01
1.489136468258141388e+00
1.892537798782956582e+00
3.173527961975796785e+00
1.290067090365316194e+00
1.259870932819887601e+00
9.243644848641136003e-01
7.631620877897127286e-01
5.654315722424474444e-01
1.425564193378863642e+00
6.545533308927981020e-01
6.987078647336153470e-01
2.134573579648164188e+00
1.191734426293699078e+00
1.544079682264894338e+00
2.031945211904986781e+00
2.302953653032940196e+00
1.098371192214474545e+00
1.302953993630564078e+00
2.343123025713663043e+00
1.893763398627418937e+00
5.687661786834619093e-01
1.257653737760836554e+00
1.336376386994046594e+00
2.397014728294005081e+00
1.782424381867905971e+00
1.493718751101539954e+00
1.243013205282736955e+00
5.114731633756708362e-01
1.062431097601394647e+00
7.882011373469494098e-01
1.322874345848765287e+00
1.215231761932661358e+00
3.538765636223067945e-01
1.930207896082533070e+00
1.267170649997989562e+00
4.126305200517560445e-01
1.834471595727683590e+00
2.953220824585128801e-01
2.978191462265431966e+00
5.012858537799014247e-01
8.533981469434120948e-01
7.408858108617583094e-01
1.921190411350536920e+00
1.051562173924932564e+00
1.686411500237483985e+00
3.418488262057894911e-01
1.346256410893327704e+00
1.405495632344028190e+00
1.158651578937827109e+00
1.655313211526300954e+00
3.040041733365794752e-01
2.675435875606986258e+00
1.446257514603261907e+00
7.870047697897780692e-01
8.186192893409566240e-01
1.574809352265831741e+00
1.349430945492445799e+00
4.782550289689269096e-01
2.610862778184408484e-01
1.847301294626078061e+00
1.236594035702881511e+00
2.093329799715559769e+00
1.854623821055307875e+00
1.217240374065546415e+00
2.169076920876744197e+00
8.141286762237032182e-01
1.269033951073312849e+00
1.253795173081950320e+00
6.854516815345806924e-01
5.901256396947363037e-01
1.917671187394017096e+00
1.314989535823361422e+00
1.558807393008335707e+00
2.143090493633437177e+00
1.541713235478226363e+00
1.485800880202222674e+00
7.142981621567706663e-01
1.237732009820179391e+00
9.074242453327058255e-01
2.031197473712028412e+00
6.502120640925679318e-01
6.807139159943398354e-01
1.867637458064285161e+00
4.633192011132070132e-01
8.143226860402602574e-01
1.346371843954347725e+00
6.456966535388403150e-01
9.426635583098852411e-01
8.878680364915814138e-01
1.936700528493062290e+00
1.474192032017451748e+00
7.208217976220132606e-01
7.340656504726156273e-01
1.737052731376079073e+00
6.998556784713166889e-01
1.639201006044749942e+00
9.515664089145159377e-01
1.247908079160432449e+00
1.095773387278448086e+00
1.691112448373199850e+00
3.624565253626066408e-01
1.125110857700755140e+00
2.142014515501389660e+00
4.534148902698298400e-01
1.696173780507448825e+00
2.084790804351486226e+00
5.621993120388180110e-01
1.220564518131149745e+00
4.286470753770266207e-01
1.880247679954831774e+00
7.049325600449618534e-01
7.098802215084598632e-01
1.146551819763162339e+00
1.000506387915056639e-01
5.759200205906062076e-01
1.470755885481979774e+00
3.619540916170632672e-01
1.612723129699304536e+00
5.871492455121624099e-01
1.792500145225639052e+00
1.515327029096755762e+00
5.780596422430939185e-01
2.618670372286766579e+00
1.223738825513052575e+00
7.191279405106848488e-01
1.101647317247747448e+00
1.463230131246811005e+00
1.661423677421746126e+00
2.573224948753344288e-01
1.191824696508387404e+00
2.456259365480245593e-01
7.262957151860832683e-01
2.721478029066745741e+00
1.178730288074866239e+00
1.701483185824578914e+00
1.639953155981553223e+00
2.212471841226697933e+00
1.982539465988525373e+00
4.865236986885312920e-01
9.151881389033006409e-01
1.982908128634516265e+00
1.291996659605729736e+00
1.825427963943438980e+00
1.017166626242821392e+00
1.437276847190129381e+00
4.809580421299552988e-01
1.315551108262362323e+00
2.259773185134198670e+00
1.736611565350563158e+00
1.460322619354188944e+00
5.807933613338112089e-01
1.428560594762613434e+00
8.103262523238424775e-01
1.183192228556338987e+00
1.017226905442838003e+00
1.355080207043890539e+00
1.083352465385333918e+00
1.660274219751669555e+00
1.152588511047657471e+00
6.482820958080665052e-01
1.741335345251697309e+00
4.996676000605049239e-01
1.047240402883919508e+00
1.961496802423601693e+00
1.287313190606332203e+00
9.161934564044416085e-01
4.668038322781903338e-01
1.492233304547183614e+00
9.736671357586507147e-01
1.466807645804916183e+00
1.441536034284087719e+00
2.371835614682149096e+00
5.943985627851700038e-01
2.750430080578381009e-01
2.170126128008834421e+00
4.557570918944298111e-01
6.360924929612249423e-01
7.022248568985633987e-01
2.021966547235203748e+00
1.857259909851651347e+00
1.215788911017718910e+00
7.979600198115521792e-01
2.397325403419840573e+00
1.395205077439946040e+00
6.046805254337300761e-01
6.037338170107797719e-01
1.748738215424625153e+00
1.654692130197104483e+00
2.135421437109108478e+00
9.074909946617798484e-01
1.301831716024172136e+00
2.265751114592643667e+00
1.000485852284815458e+00
1.675690061440955780e+00
1.507667553760634771e+00
5.494711776320004848e-01
9.702241323865301581e-01
1.805412427142322196e+00
1.163773983904887288e+00
2.096888814390469591e+00
2.605242663352741461e-01
2.004357855954728151e+00
1.390233227094705537e+00
9.787482122375740223e-01
1.661725016005511923e+00
1.052046911024332454e+00
1.032281402621176181e+00
2.651157834609572994e+00
9.807993036216006155e-01
4.205791344065645809e-01
1.867248254959310572e+00
1.386609604955717057e+00
4.375161486218381857e-01
1.162394124180195387e+00
1.958674782858587093e+00
7.773653227000254518e-01
1.020489967948716270e+00
4.495487659917418721e-02
1.336505785328259144e+00
1.377194981147815689e+00
5.291751276338080290e-01
1.908757729089857857e+00
1.805817448064148234e+00
4.567723247656607644e-01
1.978869661763286825e+00
1.605518952390023735e+00
1.163473229820020549e+00
1.791973767729323486e+00
2.112867416222346861e+00
1.605176800856688013e+00
3.750919297722432599e-01
5.817357840832954041e-01
1.559903684877665508e+00
1.727311924357501471e+00
1.907819305370040963e+00
1.159883871749274764e+00
8.386853474550115539e-01
1.617807036181584390e+00
1.298093673529068681e+00
3.249568726678453423e-01
1.892520255194959367e+00
7.951523921448705456e-01
7.683148155444335936e-01
1.017080945212001097e+00
8.524736875045368922e-01
1.521316387830391914e+00
1.448969351490335011e+00
1.379505899579279715e+00
1.361968550452024029e+00
1.003796410402077566e+00
2.107146162312972137e+00
1.690531307968106578e+00
6.206507072832612160e-01
1.918632983627848176e+00
3.402564306544797468e-01
6.710942770819805503e-01
2.231932807266376884e+00
8.722339457708877530e-01
1.837217905831258324e+00
1.802267982301009486e+00
1.444437928993456133e+00
1.060390750647613345e+00
4.328409654900278181e-01
6.184030253143885103e-01
2.509209442645107480e+00
1.238929294150648008e+00
7.875340769727318113e-01
2.100262711804419258e+00
1.066914017949526228e+00
3.127951564923454164e+00
1.504492072993697693e+00
1.883772336931365254e+00
8.104202773451713027e-01
1.546556485957291116e+00
7.944974526771114709e-01
1.131723209592168100e+00
4.941144150109094690e-01
7.616909990947029474e-01
1.245140758668773495e+00
2.126344786788039176e+00
9.572991334780073247e-01
1.783046858787515454e+00
1.966173765529405371e-01
1.017568821909637489e+00
6.137952939965973798e-01
1.128212097750363352e+00
1.752405441961246257e+00
1.230170339709162342e+00
7.532313179247218660e-01
1.217777707273424603e+00
2.242887134205111099e+00
1.229282519383555483e+00
1.317387815348984414e+00
6.812806457071934885e-01
7.118903590942038395e-01
1.202654247011232691e+00
2.483308928217327072e+00
4.613420977737114903e-01
3.133854059902161371e+00
1.799152752961719504e+00
6.623544089147309633e-01
1.015330674614720152e+00
1.655710835991544450e+00
1.856801689624993923e+00
2.195977097469815398e+00
7.935794328750950255e-01
1.585962443856878235e+00
1.039217292332274667e+00
3.749319763162278774e-01
1.493025424700463732e+00
1.181887085163853435e+00
9.163526068718813589e-01
1.828810939032605276e+00
3.773286872291159444e-01
1.155667915487895048e+00
7.299076263095394257e-01
7.453008246842823814e-01
9.224822482462713413e-01
1.692453268150511558e+00
1.958259715554345082e+00
2.443011678988098900e+00
8.238103046770128834e-01
2.474992511696664899e+00
1.075873984751918311e+00
1.527031108393627878e+00
1.358170077978064771e+00
1.228463468809002368e+00
9.685750429393974459e-01
7.231890324332168607e-01
2.415166730198831324e+00
6.919252492395155940e-01
9.281173793659264204e-01
2.235040005083004822e+00
1.383980049816573743e+00
9.302645948515514407e-01
1.290495129384620077e+00
1.984305298682013108e+00
2.298318013943845273e-01
7.522900346740979405e-01
8.127044261986260398e-01
7.103484164019346903e-01
1.138695399412654741e+00
1.443236163171169872e+00
1.228021160637238651e+00
9.262487549658871000e-01
2.057036050400895988e+00
1.091530160887259182e+00
2.057720277691282185e+00
6.120759620812576962e-01
1.170093658181611262e+00
2.628134116241752416e+00
5.071148387353702214e-01
2.414256273494342686e+00
1.149247370240889410e+00
1.535818257022733002e+00
2.243586954740212747e+00
1.605264007825179640e+00
1.142486022448344629e+00
1.416968474351163909e+00
8.499476766906727265e-01
2.373164747124006269e+00
8.309388492374297774e-01
9.484306712045892374e-01
1.568966741966280054e+00
2.048460584008255481e+00
1.631629870645709524e+00
1.685771382186374012e-01
6.757892709075463689e-01
1.514588305550491620e+00
6.545164521101254351e-01
2.961532023411639347e-01
8.217507435111004455e-01
1.011955563491022669e+00
1.965806349343389714e+00
1.624190906978763005e+00
9.539108847852922901e-01
7.903353348219899210e-01
8.124851326962290177e-01
5.557361614798689287e-01
8.287802178586239910e-01
5.758214430714436727e-01
1.000908642358800948e+00
1.436776387434062663e+00
2.032297354139823931e+00
1.184235556467274630e+00
1.100771864220750906e+00
1.083189501909495034e+00
6.476797099167530547e-01
2.305720794982113464e+00
1.392502853397697971e+00
7.523959376287686629e-01
1.285162213589800650e+00
7.002864983726553305e-01
1.310542822531932661e+00
1.998808662688451587e+00
9.334600364992468036e-01
5.553848692843960100e-01
4.227320964147923688e-01
1.453316544989956549e+00
1.448394766737203243e+00
1.071811408054263559e+00
9.184876438995842607e-01
7.589436999957777097e-01
1.468046267794300697e+00
2.413453221305231100e+00
1.661541215940509186e+00
4.751091295264697756e-01
1.784327672949675314e+00
8.640773785836552978e-01
1.296512779726052944e+00
2.315009798687264642e+00
1.985152271979954808e+00
1.369897263623606198e+00
9.031219404634271974e-01
5.483337226192819269e-01
1.507855130086766415e+00
2.952524497151565175e+00
6.833719595630183274e-01
1.928617181770766020e+00
5.497143510828511603e-01
1.405684511808282355e+00
1.649394894876460294e+00
1.405548556153123352e+00
6.199082959903340351e-01
7.689181894405600071e-01
4.724857500228096807e-01
1.877275513189619049e+00
1.438205384556550115e+00
1.906716386747595138e+00
9.410781616431024288e-01
1.234098001051754379e+00
2.118289663063836592e+00
1.036560366376977793e+00
3.265910412369049665e-01
9.803717255221039428e-01
1.850042128515205775e+00
1.713833547175184213e+00
3.832078373507208369e-01
1.129879639977829919e+00
5.072790509838193129e-01
9.566350230779446795e-01
6.854241967187924001e-02
1.378732074167616339e+00
1.206062343254026281e+00
2.082471806480130194e+00
1.437594603119742853e+00
1.554089173713352201e+00
1.234643483605810665e+00
1.273867684334688555e+00
3.223045696491372292e-01
6.589790146532353843e-01
9.419828473966485038e-01
2.048983144032112680e+00
4.164008699413290771e-01
5.626984088049385990e-01
2.020087604408721482e+00
1.164666959926783818e+00
2.740447282124997663e+00
1.838912833257563273e+00
1.776083133104889189e+00
5.885599959351583976e-01
6.913823545842096019e-01
5.605189814270900017e-01
1.680242366470907633e+00
1.385274420545772767e+00
2.411867720643645630e-01
1.601876730206510668e+00
6.913053254095158362e-01
1.385344748303695139e+00
8.988933510971802709e-01
2.007635914849552172e+00
1.302110251303353339e+00
9.651058114344512884e-01
2.508696462591771592e+00
5.891714864623470715e-01
3.214949201539690771e-01
1.142345109939633119e+00
1.551361295990714151e+00
1.657915457163414263e+00
1.466143702059588438e+00
1.453960371429862786e+00
1.657720024097793399e+00
6.202153921706843320e-01
1.166925530264728117e+00
1.839296686567575723e+00
2.102603262069600021e+00
1.120472607173709223e+00
1.380806259551959903e+00
1.015483515265005909e+00
9.621898347295232412e-01
1.474298120926794020e+00
1.445516746740761471e+00
1.426642522134417002e+00
4.488530189428585615e-01
1.658974524087147850e+00
2.004995632486290091e+00
1.061631642591167601e+00
7.612003188821714339e-01
1.452255939352346648e+00
1.870819704366484260e+00
4.142790739745538797e-01
1.373199715766161955e+00
7.020618516734056236e-01
1.575375308414168174e+00
2.749724773599385053e+00
1.518750300009679588e+00
1.121662541904019372e+00
1.608808886685665351e+00
1.370308309686208315e+00
2.039081795184339185e+00
2.072566965043333820e+00
2.258990414668547331e+00
3.069695487595835992e-01
2.928818305344732531e-01
7.855088482315475407e-01
1.554575284689309722e+00
1.245807359553779303e+00
1.658534328913890299e+00
1.747358414855873399e+00
5.508986121993325602e-01
2.874054046392489514e+00
1.213021030786455290e+00
2.181938381040336328e+00
1.743653861651905501e+00
1.604381933587548215e+00
1.246463065766565848e+00
3.312204610056262988e-01
8.910972544718226418e-01
8.062905085762545054e-01
9.896145435650605116e-01
6.999310708886807841e-01
1.128577828593064325e+00
8.298739353652956341e-01
1.049042157207018100e+00
1.678464400987487171e+00
3.498926049421600126e+00
2.147461649487909074e+00
1.101701469682084156e+00
8.109221731306182068e-01
1.078886428921677521e+00
7.412781329445888856e-01
1.051279996651035553e+00
2.515687978536259806e+00
1.241768047000540331e+00
1.575435942448451421e+00
7.871058578362766234e-01
1.263653832633085949e+00
8.717487315947197724e-01
9.834314226896179179e-01
2.002082077127905091e+00
2.720289183119808829e+00
1.301148217931213491e+00
9.996266276856052846e-01
8.986646970168954418e-01
2.159857118436326218e+00
2.506483421638200371e-01
1.669179468134776023e+00
9.828563241625726254e-01
1.369837749450681486e+00
1.673769550940095829e+00
1.300717999545097481e+00
7.404183093001703853e-01
1.561964043650173606e+00
8.554007967912563570e-01
1.207468631752222521e+00
8.981600483343532559e-01
1.256207599636056660e+00
9.097486333446358486e-01
9.179455925193180654e-01
1.425407956140142263e+00
1.791653675271583923e+00
6.061974274707049304e-01
4.541761517048142904e-01
7.365857200421233042e-01
9.767291709894826424e-01
2.296335530531662394e-01
1.228177041240154477e+00
1.753220433978524007e+00
2.331842965398487344e+00
4.454162862712268689e-01
1.365570848352367639e+00
7.379849556886319828e-01
5.230088477548527903e-01
7.333313730993012980e-01
1.212957357794196556e+00
4.020584813423194737e-01
1.697309657371250946e+00
2.683320761658625209e-01
1.650720403851775764e+00
9.821359427785575358e-01
7.332710946331477686e-01
1.002731008210888231e+00
9.990198133376604339e-01
9.838148741057073376e-01
1.015062334895020513e+00
6.904298953927429094e-01
1.623473547506743664e+00
1.649027915040220948e+00
1.406372694118529942e+00
1.048598452268322267e+00
2.115341047062982316e+00
1.443691008198626946e+00
1.192047808079685467e+00
1.053316916292487804e+00
1.128404850892176237e+00
1.020547167982445824e+00
1.860320601163906851e+00
1.024897266798294737e+00
1.981533543900348970e+00
1.825129395982109770e+00
9.433980512043005362e-01
1.313845066018016094e+00
2.106561494679769275e+00
8.629574677385354331e-01
1.813638203365202095e+00
1.918005179682238381e+00
1.925862835099914516e+00
1.983876602653227295e+00
9.877737065835723307e-01
9.526391305822051736e-01
1.029705404604240204e+00
8.643776379113865538e-01
1.258882887116199001e+00
1.648638098432098076e+00
